Step,Value
1,94.73735046386719
2,38.52922439575195
3,205.89041137695312
4,113.21122741699219
5,291.1692810058594
6,185.04481506347656
7,296.7283630371094
8,182.6205596923828
9,323.5280456542969
10,186.53622436523438
11,100.81185913085938
12,142.54371643066406
13,155.42901611328125
14,134.44705200195312
15,192.91954040527344
16,201.2673797607422
17,320.2427978515625
18,341.34112548828125
19,125.43453979492188
20,183.35716247558594
21,257.2069091796875
22,77.4266128540039
23,291.49456787109375
24,213.3311767578125
25,108.96681213378906
26,148.02919006347656
27,219.6209716796875
28,179.40762329101562
29,153.88133239746094
30,189.41134643554688
31,66.3231201171875
32,176.39466857910156
33,67.77920532226562
34,206.9114227294922
35,170.8400421142578
36,67.76945495605469
37,241.96730041503906
38,323.9516906738281
39,340.4279479980469
40,55.763858795166016
41,299.0731201171875
42,199.99497985839844
43,294.2191467285156
44,215.57969665527344
45,180.90097045898438
46,330.5899353027344
47,253.06626892089844
48,408.7013244628906
49,151.61219787597656
50,95.5318832397461
51,102.96849822998047
52,258.2149658203125
53,121.791259765625
54,298.83056640625
55,138.89002990722656
56,150.39840698242188
57,195.28480529785156
58,215.09408569335938
59,144.68199157714844
60,165.25347900390625
61,315.4978332519531
62,167.3297119140625
63,89.26651000976562
64,138.14088439941406
65,156.40545654296875
66,188.64710998535156
67,143.25921630859375
68,281.1983642578125
69,370.9990539550781
70,323.0947265625
71,276.3922119140625
72,193.62440490722656
73,127.85828399658203
74,341.4604187011719
75,159.79156494140625
76,102.1855697631836
77,151.00018310546875
78,125.23677825927734
79,192.84251403808594
80,136.78689575195312
81,258.8539733886719
82,314.3718566894531
83,76.78089904785156
84,118.26871490478516
85,135.1863555908203
86,150.07369995117188
87,241.25271606445312
88,129.65545654296875
89,312.0541076660156
90,73.3556137084961
91,203.44805908203125
92,244.95697021484375
93,276.1006164550781
94,342.8561096191406
95,211.67269897460938
96,131.5329132080078
97,260.1303405761719
98,374.4462585449219
99,253.54054260253906
100,371.5377502441406
101,173.40687561035156
102,177.63673400878906
103,228.43731689453125
104,291.7060241699219
105,248.3776397705078
106,140.73187255859375
107,221.119140625
108,142.70350646972656
109,300.040771484375
110,52.88883590698242
111,153.9351348876953
112,107.18780517578125
113,132.9015350341797
114,122.22586059570312
115,121.65499877929688
116,411.09295654296875
117,340.14361572265625
118,274.1443176269531
119,114.38116455078125
120,230.8597869873047
121,206.379150390625
122,164.27220153808594
123,204.20228576660156
124,154.3505859375
125,176.16099548339844
126,126.04328918457031
127,358.3598327636719
128,287.5915832519531
129,82.33696746826172
130,382.66119384765625
131,166.03457641601562
132,242.9139404296875
133,191.5078582763672
134,229.9334259033203
135,241.7965850830078
136,113.74546813964844
137,56.52642059326172
138,277.8720703125
139,139.6730194091797
140,349.1952819824219
141,201.2956085205078
142,297.7532653808594
143,317.34332275390625
144,220.35818481445312
145,114.49324035644531
146,125.1012954711914
147,190.35848999023438
148,143.59420776367188
149,274.69891357421875
150,240.540283203125
151,150.687255859375
152,252.84121704101562
153,165.94345092773438
154,308.72772216796875
155,355.3109130859375
156,115.29146575927734
157,76.8957290649414
158,136.39865112304688
159,275.982421875
160,50.15262222290039
161,209.87242126464844
162,440.42120361328125
163,84.00989532470703
164,383.783447265625
165,104.48941040039062
166,167.57632446289062
167,197.9154052734375
168,120.77398681640625
169,59.24526596069336
170,199.86068725585938
171,172.12747192382812
172,81.59660339355469
173,132.380615234375
174,105.85450744628906
175,331.14544677734375
176,212.625244140625
177,421.3368835449219
178,153.49740600585938
179,128.6670379638672
180,136.02218627929688
181,180.67880249023438
182,215.70176696777344
183,101.5530776977539
184,392.3600158691406
185,359.7067565917969
186,284.7543029785156
187,278.9073486328125
188,163.72447204589844
189,356.7010192871094
190,290.1241455078125
191,62.687320709228516
192,200.23959350585938
193,242.69940185546875
194,220.04592895507812
195,288.95281982421875
196,148.63778686523438
197,308.8414306640625
198,359.9590148925781
199,56.59178924560547
200,273.6595153808594
201,263.2415466308594
202,208.26345825195312
203,427.9986572265625
204,375.14154052734375
205,259.2434387207031
206,223.56942749023438
207,123.6969985961914
208,117.93048095703125
209,89.1025619506836
210,192.61988830566406
211,156.6134033203125
212,94.1635513305664
213,155.64694213867188
214,124.61976623535156
215,205.23403930664062
216,380.6650695800781
217,131.17449951171875
218,409.398193359375
219,229.11473083496094
220,279.803466796875
221,153.731689453125
222,316.2624816894531
223,257.0038757324219
224,221.1831512451172
225,364.1493225097656
226,93.83466339111328
227,119.32671356201172
228,102.3187255859375
229,43.36962890625
230,166.58587646484375
231,314.5194396972656
232,115.07406616210938
233,223.47048950195312
234,151.3218994140625
235,242.28489685058594
236,94.76290893554688
237,185.036865234375
238,212.94139099121094
239,192.22457885742188
240,315.7872009277344
241,127.75006103515625
242,364.7119445800781
243,162.89366149902344
244,331.6084899902344
245,114.46646118164062
246,390.3738098144531
247,112.3472671508789
248,437.19927978515625
249,226.9281005859375
250,150.13473510742188
251,149.45567321777344
252,181.7052001953125
253,340.47357177734375
254,138.08578491210938
255,242.2073974609375
256,311.76568603515625
257,431.2669372558594
258,354.6895751953125
259,72.83454895019531
260,89.9320068359375
261,349.6671447753906
262,172.9022979736328
263,87.66390228271484
264,203.82449340820312
265,224.77259826660156
266,383.9629821777344
267,252.6261444091797
268,139.9265899658203
269,326.1329650878906
270,133.09796142578125
271,105.9229736328125
272,333.6439208984375
273,458.38140869140625
274,388.5810241699219
275,244.93692016601562
276,157.85862731933594
277,285.6746826171875
278,101.7913589477539
279,71.43994140625
280,231.3266143798828
281,45.8754768371582
282,388.9013671875
283,81.77592468261719
284,298.65716552734375
285,286.37738037109375
286,117.2472152709961
287,60.47898864746094
288,118.14894104003906
289,166.71791076660156
290,367.0685729980469
291,255.4138641357422
292,245.68463134765625
293,162.5283660888672
294,274.597412109375
295,290.3297424316406
296,274.55352783203125
297,371.4016418457031
298,362.76947021484375
299,401.109130859375
300,325.61090087890625
301,130.4335174560547
302,44.516597747802734
303,191.0566864013672
304,261.8755798339844
305,122.59898376464844
306,118.62226104736328
307,124.7869873046875
308,90.32571411132812
309,164.84619140625
310,237.66957092285156
311,95.4591293334961
312,30.498119354248047
313,362.51641845703125
314,81.65406036376953
315,189.34288024902344
316,308.2098693847656
317,420.11260986328125
318,394.1083984375
319,243.6850128173828
320,436.9244689941406
321,372.4117736816406
322,231.13027954101562
323,231.2088165283203
324,131.19163513183594
325,75.69696044921875
326,219.5648956298828
327,219.6049041748047
328,241.88076782226562
329,229.29928588867188
330,67.58892059326172
331,122.3537826538086
332,120.23262786865234
333,211.6609344482422
334,152.66128540039062
335,188.1852569580078
336,391.19525146484375
337,89.26846313476562
338,402.672607421875
339,312.76202392578125
340,351.7613220214844
341,401.81396484375
342,91.68719482421875
343,143.75465393066406
344,96.20127868652344
345,374.30963134765625
346,139.85946655273438
347,158.8130645751953
348,112.8944091796875
349,190.93833923339844
350,271.54974365234375
351,380.3890075683594
352,259.0389099121094
353,59.75304412841797
354,66.77913665771484
355,217.4007110595703
356,163.8647003173828
357,358.7309265136719
358,152.94509887695312
359,263.4100646972656
360,113.35028076171875
361,112.147705078125
362,350.6180114746094
363,201.2275390625
364,66.52812957763672
365,408.5677490234375
366,105.0257339477539
367,328.9429016113281
368,104.92241668701172
369,40.922969818115234
370,233.84571838378906
371,102.43937683105469
372,210.20504760742188
373,118.58849334716797
374,273.9022216796875
375,277.0691833496094
376,118.56295776367188
377,334.06719970703125
378,198.51382446289062
379,225.8258514404297
380,40.122169494628906
381,164.4900665283203
382,72.51607513427734
383,363.29876708984375
384,170.86802673339844
385,182.24452209472656
386,184.44886779785156
387,211.9482421875
388,133.86148071289062
389,342.2434997558594
390,141.30799865722656
391,142.85748291015625
392,141.35133361816406
393,169.52943420410156
394,304.0716552734375
395,148.85488891601562
396,102.35090637207031
397,244.11346435546875
398,223.92152404785156
399,95.42323303222656
400,261.2667236328125
401,95.20963287353516
402,80.9084243774414
403,386.09149169921875
404,80.70760345458984
405,148.47642517089844
406,120.77544403076172
407,216.68023681640625
408,187.36204528808594
409,94.53326416015625
410,327.4360656738281
411,91.50323486328125
412,121.31497192382812
413,385.60626220703125
414,347.92608642578125
415,360.9555969238281
416,263.5360412597656
417,98.98636627197266
418,126.10624694824219
419,350.4266662597656
420,41.93301010131836
421,222.71728515625
422,206.27191162109375
423,261.6068420410156
424,198.8978271484375
425,387.21844482421875
426,327.8957214355469
427,413.8143005371094
428,226.42337036132812
429,66.06388092041016
430,434.7316589355469
431,85.84982299804688
432,101.53056335449219
433,46.01971435546875
434,176.9923095703125
435,265.52569580078125
436,331.7259521484375
437,253.98397827148438
438,269.9701843261719
439,255.5132598876953
440,410.8075256347656
441,342.1856384277344
442,166.4400634765625
443,78.7793197631836
444,339.6669006347656
445,132.34645080566406
446,126.93150329589844
447,114.90312194824219
448,134.8065948486328
449,195.05502319335938
450,172.740234375
451,335.8232421875
452,322.6259460449219
453,245.70518493652344
454,106.99242401123047
455,262.5908508300781
456,168.54925537109375
457,99.16780853271484
458,247.79090881347656
459,387.0096740722656
460,258.98065185546875
461,255.3994598388672
462,254.51925659179688
463,208.1088409423828
464,29.25812530517578
465,186.38194274902344
466,84.49021911621094
467,277.48687744140625
468,114.44186401367188
469,250.64801025390625
470,83.96051025390625
471,393.30694580078125
472,156.6502227783203
473,244.1763458251953
474,296.1912536621094
475,51.18459701538086
476,156.2945556640625
477,358.224365234375
478,274.9560241699219
479,232.8349609375
480,177.71217346191406
481,207.74212646484375
482,180.34426879882812
483,380.4142761230469
484,223.3569793701172
485,338.8520202636719
486,384.9195556640625
487,317.8247985839844
488,242.7150115966797
489,112.56437683105469
490,220.98951721191406
491,272.9234924316406
492,223.25709533691406
493,38.76251983642578
494,236.82386779785156
495,57.58103942871094
496,424.1255187988281
497,308.2347717285156
498,118.3802719116211
499,152.59259033203125
500,109.58296966552734
501,138.0655517578125
502,158.0251922607422
503,208.7394561767578
504,398.9178466796875
505,427.4143371582031
506,277.4653015136719
507,80.04759216308594
508,228.5975799560547
509,53.07512283325195
510,165.46131896972656
511,113.44720458984375
512,265.70928955078125
513,298.4502258300781
514,78.7398452758789
515,121.7503890991211
516,188.8907012939453
517,421.24993896484375
518,63.80726623535156
519,364.7712097167969
520,399.451904296875
521,181.68443298339844
522,210.11703491210938
523,299.86260986328125
524,208.42572021484375
525,70.64070129394531
526,127.86670684814453
527,364.48419189453125
528,284.0010070800781
529,346.2706298828125
530,426.4432373046875
531,204.89378356933594
532,352.4583740234375
533,265.35662841796875
534,347.857421875
535,172.44410705566406
536,271.44476318359375
537,450.016845703125
538,257.5958557128906
539,322.0096130371094
540,253.0899658203125
541,178.38624572753906
542,421.8477478027344
543,130.60252380371094
544,455.9603576660156
545,351.6169738769531
546,281.6449890136719
547,447.0938415527344
548,400.1957702636719
549,436.92138671875
550,326.6246032714844
551,184.4193572998047
552,108.55421447753906
553,421.3653259277344
554,151.89683532714844
555,389.4462890625
556,204.26942443847656
557,193.96556091308594
558,146.306640625
559,355.9971923828125
560,145.097900390625
561,145.5153350830078
562,350.8321533203125
563,282.97186279296875
564,318.7504577636719
565,135.24639892578125
566,256.6802062988281
567,126.74347686767578
568,408.12701416015625
569,206.0550079345703
570,305.8395080566406
571,163.5268096923828
572,245.87669372558594
573,379.74468994140625
574,64.00872039794922
575,394.4212951660156
576,231.0571746826172
577,89.5018310546875
578,116.00318145751953
579,373.81011962890625
580,65.07274627685547
581,283.9078063964844
582,324.3581237792969
583,188.05047607421875
584,244.75128173828125
585,348.9253234863281
586,67.61334228515625
587,432.4268798828125
588,107.80348205566406
589,197.68365478515625
590,262.0654296875
591,238.4042510986328
592,420.76318359375
593,324.03887939453125
594,413.02423095703125
595,316.5140075683594
596,56.03200149536133
597,134.9819793701172
598,406.9844970703125
599,390.111328125
600,421.14453125
601,213.5096893310547
602,113.24540710449219
603,182.0493621826172
604,240.06935119628906
605,127.33424377441406
606,147.70948791503906
607,189.7661895751953
608,325.6125793457031
609,174.9924774169922
610,439.8304443359375
611,407.41766357421875
612,125.5943374633789
613,294.8396911621094
614,142.61647033691406
615,403.61798095703125
616,336.3331604003906
617,368.4045104980469
618,173.3098907470703
619,297.39971923828125
620,345.7671813964844
621,167.1538848876953
622,134.58856201171875
623,334.46722412109375
624,191.4518280029297
625,252.9635467529297
626,332.8922424316406
627,320.6142883300781
628,298.18792724609375
629,46.417449951171875
630,103.6766128540039
631,411.3887023925781
632,228.73391723632812
633,114.40049743652344
634,92.50651550292969
635,50.713768005371094
636,253.0868682861328
637,420.96759033203125
638,78.2419204711914
639,434.22784423828125
640,174.06997680664062
641,210.9212188720703
642,297.19342041015625
643,99.33056640625
644,334.6544189453125
645,352.7405090332031
646,169.97633361816406
647,358.999755859375
648,136.78192138671875
649,266.1835021972656
650,102.32942962646484
651,254.6614990234375
652,323.8390197753906
653,58.468265533447266
654,180.11668395996094
655,327.38470458984375
656,302.379150390625
657,231.82083129882812
658,248.08876037597656
659,282.15179443359375
660,264.2051086425781
661,341.82232666015625
662,303.0816650390625
663,335.7600402832031
664,239.74913024902344
665,256.58544921875
666,225.06631469726562
667,263.3785095214844
668,160.28192138671875
669,337.11859130859375
670,366.7616882324219
671,260.9423828125
672,374.30859375
673,332.384033203125
674,93.11914825439453
675,355.4458923339844
676,371.8377380371094
677,193.8971405029297
678,118.7569580078125
679,295.6468811035156
680,214.5126953125
681,213.82015991210938
682,176.87437438964844
683,361.5168151855469
684,202.0826873779297
685,353.5831604003906
686,191.03463745117188
687,363.0096740722656
688,433.47711181640625
689,230.86209106445312
690,366.6456298828125
691,427.6241149902344
692,372.1072692871094
693,111.81290435791016
694,280.6770935058594
695,285.2263488769531
696,174.97926330566406
697,198.9184112548828
698,72.5792465209961
699,213.73846435546875
700,201.06259155273438
701,130.716796875
702,224.48171997070312
703,353.7192687988281
704,368.4548645019531
705,388.4468688964844
706,324.2214660644531
707,129.5795440673828
708,331.157958984375
709,309.2243347167969
710,175.4413604736328
711,160.24180603027344
712,301.2945861816406
713,393.5121154785156
714,298.09393310546875
715,262.9604187011719
716,407.8055725097656
717,432.2434997558594
718,312.072509765625
719,319.4028625488281
720,349.37274169921875
721,209.2519989013672
722,271.1028747558594
723,360.3022155761719
724,154.6122283935547
725,92.498046875
726,232.4226837158203
727,329.53125
728,281.2203674316406
729,352.33770751953125
730,231.26043701171875
731,308.4895324707031
732,421.93719482421875
733,315.0722351074219
734,189.38427734375
735,324.925537109375
736,313.6293640136719
737,202.6652374267578
738,368.2489013671875
739,45.78586959838867
740,397.329833984375
741,239.155029296875
742,184.01158142089844
743,37.72613525390625
744,324.0015563964844
745,319.741943359375
746,242.12396240234375
747,60.432979583740234
748,106.26101684570312
749,248.0692901611328
750,373.1988525390625
751,415.7378845214844
752,408.1840515136719
753,284.51031494140625
754,312.7664489746094
755,321.9073791503906
756,413.9212646484375
757,225.6375274658203
758,392.3022155761719
759,375.8193359375
760,236.4552001953125
761,139.12132263183594
762,122.50060272216797
763,324.1230163574219
764,94.04744720458984
765,283.0901794433594
766,109.03570556640625
767,371.2215576171875
768,174.55294799804688
769,194.0636749267578
770,340.1180114746094
771,376.6827087402344
772,185.7366180419922
773,408.5304870605469
774,81.1660385131836
775,396.5321044921875
776,318.6220397949219
777,106.59466552734375
778,345.81195068359375
779,290.88671875
780,70.67253875732422
781,403.73614501953125
782,318.2894592285156
783,92.34719848632812
784,371.2809143066406
785,333.3107604980469
786,336.58380126953125
787,211.0655059814453
788,298.5665283203125
789,220.32400512695312
790,432.5540466308594
791,199.59629821777344
792,401.638671875
793,112.57457733154297
794,395.529052734375
795,206.0955047607422
796,281.225830078125
797,155.9398956298828
798,205.1602325439453
799,344.3150329589844
800,387.84381103515625
801,167.5199432373047
802,326.1557922363281
803,237.90509033203125
804,193.64405822753906
805,454.1492004394531
806,164.87290954589844
807,180.3098602294922
808,235.46861267089844
809,417.23370361328125
810,200.12124633789062
811,164.53578186035156
812,137.98794555664062
813,228.54327392578125
814,134.6358184814453
815,154.35084533691406
816,64.79622650146484
817,297.5721740722656
818,441.08697509765625
819,126.78849029541016
820,230.60794067382812
821,229.1326141357422
822,146.10923767089844
823,389.0233154296875
824,241.05435180664062
825,150.38980102539062
826,212.0097198486328
827,114.84201049804688
828,355.75213623046875
829,243.0115966796875
830,339.19854736328125
831,145.3644561767578
832,414.9504699707031
833,301.4244689941406
834,202.13096618652344
835,449.76422119140625
836,147.60324096679688
837,421.03265380859375
838,94.27229309082031
839,276.74658203125
840,77.38973236083984
841,190.9368896484375
842,353.08551025390625
843,315.38043212890625
844,178.1219940185547
845,242.8651123046875
846,241.0072021484375
847,379.0284729003906
848,370.6954650878906
849,378.9332275390625
850,356.2263488769531
851,169.54678344726562
852,246.5538330078125
853,242.79808044433594
854,303.54095458984375
855,178.0157470703125
856,123.30872344970703
857,111.74165344238281
858,195.47666931152344
859,284.7523193359375
860,415.0318908691406
861,158.5170135498047
862,355.7591857910156
863,354.7660217285156
864,216.87319946289062
865,335.11419677734375
866,414.0215148925781
867,145.13304138183594
868,409.9552307128906
869,236.0029296875
870,297.8954772949219
871,340.29974365234375
872,83.14183044433594
873,302.1716613769531
874,97.17617797851562
875,313.4581604003906
876,257.9554748535156
877,292.35748291015625
878,411.9393310546875
879,295.6332702636719
880,310.1591796875
881,365.08917236328125
882,48.86045455932617
883,89.15836334228516
884,184.055908203125
885,353.16497802734375
886,383.65106201171875
887,433.6557922363281
888,114.66824340820312
889,222.40306091308594
890,299.8739013671875
891,215.30328369140625
892,425.9052429199219
893,132.31661987304688
894,255.659423828125
895,336.3009033203125
896,307.4130859375
897,302.06048583984375
898,234.52801513671875
899,219.28126525878906
900,143.10169982910156
901,421.5362548828125
902,133.69793701171875
903,85.55448913574219
904,285.63018798828125
905,389.44439697265625
906,135.35055541992188
907,342.70330810546875
908,194.12249755859375
909,272.6362609863281
910,329.088623046875
911,49.705928802490234
912,239.15191650390625
913,232.52931213378906
914,330.3825988769531
915,251.21832275390625
916,88.03814697265625
917,333.050537109375
918,280.6390380859375
919,268.2427978515625
920,325.77056884765625
921,207.45343017578125
922,390.6719970703125
923,431.7331848144531
924,82.68464660644531
925,460.7890625
926,167.56541442871094
927,387.5783386230469
928,402.09918212890625
929,382.5094909667969
930,268.2770080566406
931,96.25566101074219
932,25.02475357055664
933,76.10704803466797
934,214.1871337890625
935,223.9662322998047
936,43.36093521118164
937,383.9207763671875
938,402.4221496582031
939,154.63819885253906
940,374.6786193847656
941,116.95767211914062
942,441.13580322265625
943,228.5232391357422
944,403.3032531738281
945,304.2921447753906
946,134.65255737304688
947,224.14161682128906
948,226.9912567138672
949,101.58799743652344
950,152.9054718017578
951,245.63394165039062
952,208.3417510986328
953,208.48216247558594
954,358.15277099609375
955,71.88325500488281
956,135.60760498046875
957,177.57313537597656
958,271.44366455078125
959,333.3749694824219
960,184.23333740234375
961,312.54205322265625
962,26.158170700073242
963,204.84584045410156
964,259.61810302734375
965,305.8360595703125
966,340.6377868652344
967,272.86138916015625
968,168.9355010986328
969,261.1697998046875
970,276.0288391113281
971,436.3578796386719
972,239.55282592773438
973,276.84356689453125
974,121.70838928222656
975,56.831642150878906
976,310.6040344238281
977,172.2847442626953
978,90.72913360595703
979,239.86065673828125
980,447.3558349609375
981,409.00372314453125
982,94.8611831665039
983,359.0149230957031
984,238.91848754882812
985,110.0929183959961
986,229.87298583984375
987,289.292724609375
988,363.5493469238281
989,350.0211486816406
990,165.26026916503906
991,253.3710479736328
992,238.798828125
993,175.2268524169922
994,410.271484375
995,429.132080078125
996,110.91217041015625
997,315.26629638671875
998,274.35662841796875
999,314.30145263671875
1000,272.7917175292969
1001,443.2344970703125
1002,392.24176025390625
1003,209.0336456298828
1004,402.3328857421875
1005,223.05804443359375
1006,141.1605682373047
1007,466.4261169433594
1008,352.19842529296875
1009,327.3257751464844
1010,179.6970672607422
1011,164.84512329101562
1012,384.1656188964844
1013,368.9261779785156
1014,178.55929565429688
1015,296.86181640625
1016,267.30657958984375
1017,323.89263916015625
1018,189.36575317382812
1019,371.73223876953125
1020,443.8669128417969
1021,380.7833557128906
1022,90.56927490234375
1023,249.35382080078125
1024,370.2608947753906
1025,154.25994873046875
1026,236.29222106933594
1027,267.5646057128906
1028,374.17462158203125
1029,259.7005920410156
1030,119.6520004272461
1031,334.938720703125
1032,257.26080322265625
1033,385.3976135253906
1034,180.48648071289062
1035,348.7279357910156
1036,235.38214111328125
1037,246.73129272460938
1038,323.93536376953125
1039,390.4733581542969
1040,246.90589904785156
1041,353.42620849609375
1042,304.07830810546875
1043,150.50225830078125
1044,285.5648193359375
1045,309.5187683105469
1046,402.93994140625
1047,361.8653564453125
1048,168.91464233398438
1049,427.8987731933594
1050,392.9433288574219
1051,259.1918029785156
1052,279.7235107421875
1053,238.69699096679688
1054,367.2237243652344
1055,370.48291015625
1056,365.9229431152344
1057,305.8403015136719
1058,364.41839599609375
1059,352.940185546875
1060,218.72886657714844
1061,396.0196228027344
1062,445.51873779296875
1063,394.4990539550781
1064,260.7183532714844
1065,89.74022674560547
1066,332.44866943359375
1067,335.0692443847656
1068,121.55966186523438
1069,425.0981750488281
1070,92.06871032714844
1071,432.2580871582031
1072,351.7912292480469
1073,187.12188720703125
1074,327.3016357421875
1075,182.93682861328125
1076,173.5442657470703
1077,413.30224609375
1078,100.77879333496094
1079,146.82130432128906
1080,285.77203369140625
1081,278.084228515625
1082,388.9949035644531
1083,320.476318359375
1084,93.02657318115234
1085,348.3736877441406
1086,159.16246032714844
1087,207.21104431152344
1088,284.344970703125
1089,282.1171569824219
1090,166.3703155517578
1091,385.4084167480469
1092,283.9582824707031
1093,113.47798919677734
1094,387.056884765625
1095,206.94203186035156
1096,399.1297912597656
1097,198.67530822753906
1098,350.273681640625
1099,194.4741668701172
1100,90.61654663085938
1101,425.9570007324219
1102,421.282958984375
1103,341.6174011230469
1104,346.18487548828125
1105,408.9939880371094
1106,350.5884704589844
1107,404.6569519042969
1108,371.76837158203125
1109,278.5629577636719
1110,328.395263671875
1111,143.08688354492188
1112,460.3612365722656
1113,338.14349365234375
1114,281.10186767578125
1115,210.3295440673828
1116,177.48094177246094
1117,264.99652099609375
1118,396.7029113769531
1119,389.4970703125
1120,162.1365509033203
1121,426.2032470703125
1122,427.3315734863281
1123,150.73240661621094
1124,354.99334716796875
1125,111.03977966308594
1126,58.82438659667969
1127,206.01519775390625
1128,71.72368621826172
1129,113.70211029052734
1130,443.71734619140625
1131,364.51654052734375
1132,401.4936828613281
1133,312.03497314453125
1134,163.077880859375
1135,326.2625427246094
1136,111.09208679199219
1137,113.89389038085938
1138,312.1885986328125
1139,299.67376708984375
1140,103.73553466796875
1141,215.5693817138672
1142,190.59385681152344
1143,148.39224243164062
1144,349.5368347167969
1145,179.40550231933594
1146,178.02395629882812
1147,337.6441650390625
1148,424.6311340332031
1149,163.84719848632812
1150,407.32806396484375
1151,125.72993469238281
1152,430.50897216796875
1153,446.4659423828125
1154,135.89500427246094
1155,412.8946533203125
1156,369.248046875
1157,198.92721557617188
1158,297.7600402832031
1159,91.05511474609375
1160,363.799560546875
1161,291.3014221191406
1162,412.9526062011719
1163,298.3622741699219
1164,228.0225830078125
1165,305.02703857421875
1166,212.47840881347656
1167,181.1874542236328
1168,188.58168029785156
1169,326.309814453125
1170,429.4134521484375
1171,255.65403747558594
1172,123.92620849609375
1173,412.8278503417969
1174,377.7083740234375
1175,248.1305389404297
1176,431.5721740722656
1177,179.84140014648438
1178,209.197265625
1179,278.5672607421875
1180,400.2828063964844
1181,309.84466552734375
1182,281.30474853515625
1183,185.59332275390625
1184,316.38037109375
1185,180.92861938476562
1186,327.4604187011719
1187,388.3593444824219
1188,312.765625
1189,364.905029296875
1190,273.65386962890625
1191,381.3929138183594
1192,367.9198303222656
1193,215.65277099609375
1194,256.28289794921875
1195,152.30105590820312
1196,316.0116271972656
1197,346.5917663574219
1198,234.22793579101562
1199,323.9559326171875
1200,147.28115844726562
1201,133.70420837402344
1202,389.2164001464844
1203,254.5330047607422
1204,341.9440002441406
1205,129.5245819091797
1206,253.297119140625
1207,412.054443359375
1208,69.23060607910156
1209,177.7485809326172
1210,175.09161376953125
1211,374.9712829589844
1212,178.4932861328125
1213,175.88967895507812
1214,314.3092041015625
1215,115.31217956542969
1216,119.13972473144531
1217,83.49376678466797
1218,396.9764404296875
1219,214.994140625
1220,382.4960632324219
1221,424.46966552734375
1222,422.90228271484375
1223,207.50294494628906
1224,174.14581298828125
1225,326.0721740722656
1226,105.61476135253906
1227,435.4510803222656
1228,328.34515380859375
1229,410.66729736328125
1230,349.2118835449219
1231,280.5692138671875
1232,198.13600158691406
1233,292.212646484375
1234,277.27642822265625
1235,382.88287353515625
1236,305.5590515136719
1237,290.70306396484375
1238,94.16875457763672
1239,370.0538024902344
1240,137.35577392578125
1241,388.0492858886719
1242,203.4732208251953
1243,228.0875244140625
1244,367.035400390625
1245,330.0718078613281
1246,189.59791564941406
1247,309.4046936035156
1248,360.4559020996094
1249,133.1548614501953
1250,249.6308135986328
1251,177.24131774902344
1252,160.94146728515625
1253,189.35572814941406
1254,240.48812866210938
1255,288.2323913574219
1256,352.99578857421875
1257,218.75088500976562
1258,189.96865844726562
1259,277.4283752441406
1260,200.1840057373047
1261,382.6273498535156
1262,355.72137451171875
1263,380.385498046875
1264,286.5652770996094
1265,185.05606079101562
1266,250.32728576660156
1267,187.18638610839844
1268,320.1518859863281
1269,298.3959655761719
1270,120.37508392333984
1271,133.04086303710938
1272,158.1653594970703
1273,252.97821044921875
1274,310.3674011230469
1275,240.1601104736328
1276,303.61822509765625
1277,368.6243591308594
1278,286.2960510253906
1279,95.10664367675781
1280,264.8777770996094
1281,416.95355224609375
1282,378.3908386230469
1283,296.14239501953125
1284,318.1059875488281
1285,435.3473205566406
1286,313.9949951171875
1287,342.827880859375
1288,362.5097961425781
1289,213.18321228027344
1290,209.27781677246094
1291,137.2372283935547
1292,282.9798583984375
1293,343.5989990234375
1294,308.913818359375
1295,170.39935302734375
1296,341.2728576660156
1297,312.0826416015625
1298,406.9498596191406
1299,434.985595703125
1300,385.797119140625
1301,162.87696838378906
1302,188.01278686523438
1303,313.1205749511719
1304,396.7177734375
1305,378.7424011230469
1306,351.2737121582031
1307,143.57687377929688
1308,335.79205322265625
1309,415.3033447265625
1310,63.203590393066406
1311,124.32300567626953
1312,313.1195373535156
1313,219.13705444335938
1314,200.95726013183594
1315,204.26239013671875
1316,315.1444091796875
1317,221.36863708496094
1318,400.836181640625
1319,89.784912109375
1320,190.6549835205078
1321,165.4069366455078
1322,257.41571044921875
1323,304.9776306152344
1324,210.00625610351562
1325,340.66009521484375
1326,298.4464416503906
1327,250.45228576660156
1328,201.5447998046875
1329,287.4169921875
1330,421.0621032714844
1331,324.6514587402344
1332,232.22738647460938
1333,312.45013427734375
1334,309.9034729003906
1335,389.95697021484375
1336,314.7522277832031
1337,288.505126953125
1338,339.9813537597656
1339,252.23483276367188
1340,425.58062744140625
1341,423.8219299316406
1342,419.0199890136719
1343,288.548828125
1344,371.0260314941406
1345,340.4464416503906
1346,308.3138732910156
1347,307.2638854980469
1348,251.34768676757812
1349,321.20660400390625
1350,299.54522705078125
1351,323.7064208984375
1352,428.11370849609375
1353,152.52359008789062
1354,161.4601287841797
1355,422.2659606933594
1356,115.629638671875
1357,105.25167846679688
1358,96.05509185791016
1359,185.7632293701172
1360,206.57473754882812
1361,309.9827880859375
1362,308.7764892578125
1363,177.13368225097656
1364,170.98040771484375
1365,227.81060791015625
1366,318.1502990722656
1367,386.0348205566406
1368,153.2047119140625
1369,277.749267578125
1370,180.04774475097656
1371,122.88235473632812
1372,102.90083312988281
1373,226.64756774902344
1374,352.9284362792969
1375,123.19103240966797
1376,346.08843994140625
1377,355.8736572265625
1378,260.4292907714844
1379,308.6483459472656
1380,279.458740234375
1381,178.27781677246094
1382,223.50682067871094
1383,186.8348846435547
1384,342.9512939453125
1385,299.1268310546875
1386,305.2705383300781
1387,375.1180419921875
1388,300.5284729003906
1389,241.5649871826172
1390,274.07037353515625
1391,93.3687973022461
1392,391.1990966796875
1393,204.0706787109375
1394,435.64453125
1395,304.1889343261719
1396,361.57476806640625
1397,110.44478607177734
1398,102.90827178955078
1399,403.96551513671875
1400,76.06425476074219
1401,137.17527770996094
1402,200.72256469726562
1403,426.9861755371094
1404,81.22623443603516
1405,310.24639892578125
1406,413.9749755859375
1407,384.4796142578125
1408,420.63323974609375
1409,204.4659423828125
1410,174.8372344970703
1411,319.70013427734375
1412,212.69338989257812
1413,321.4687194824219
1414,307.1964111328125
1415,71.2170181274414
1416,324.6196594238281
1417,334.09368896484375
1418,205.834716796875
1419,350.36151123046875
1420,195.4521026611328
1421,338.42523193359375
1422,311.7514343261719
1423,307.5889892578125
1424,355.3643493652344
1425,327.8662109375
1426,408.37628173828125
1427,219.71307373046875
1428,443.7906494140625
1429,240.86029052734375
1430,300.0654602050781
1431,428.51885986328125
1432,141.59896850585938
1433,389.14642333984375
1434,238.31790161132812
1435,421.9557800292969
1436,166.7631378173828
1437,273.0352478027344
1438,387.83135986328125
1439,373.3431701660156
1440,376.8472595214844
1441,242.17269897460938
1442,268.1576843261719
1443,381.1400451660156
1444,259.38232421875
1445,103.71768951416016
1446,344.60772705078125
1447,403.0710754394531
1448,333.640380859375
1449,278.1374816894531
1450,332.0735778808594
1451,253.8424530029297
1452,307.5473937988281
1453,365.96307373046875
1454,178.05572509765625
1455,242.32005310058594
1456,326.0623474121094
1457,324.60943603515625
1458,196.328125
1459,351.46319580078125
1460,182.5235137939453
1461,140.98316955566406
1462,280.98822021484375
1463,304.8134765625
1464,322.7967529296875
1465,339.0694274902344
1466,195.43429565429688
1467,306.2742919921875
1468,393.61065673828125
1469,428.4064636230469
1470,275.6608581542969
1471,254.04171752929688
1472,416.2087707519531
1473,186.59091186523438
1474,373.9693298339844
1475,255.14622497558594
1476,163.0658721923828
1477,188.57855224609375
1478,278.81268310546875
1479,157.63719177246094
1480,181.3029022216797
1481,348.7255859375
1482,174.05935668945312
1483,188.48959350585938
1484,380.9885559082031
1485,301.913330078125
1486,172.02243041992188
1487,95.04393768310547
1488,245.09275817871094
1489,82.36520385742188
1490,169.04629516601562
1491,285.67791748046875
1492,136.56349182128906
1493,402.9018249511719
1494,302.0196533203125
1495,344.2676086425781
1496,229.18601989746094
1497,99.45703887939453
1498,156.18472290039062
1499,172.71536254882812
1500,257.0648498535156
1501,357.01953125
1502,297.2312927246094
1503,126.33869934082031
1504,361.80291748046875
1505,269.3854675292969
1506,241.01907348632812
1507,109.7188949584961
1508,137.7019500732422
1509,250.6371307373047
1510,157.00941467285156
1511,313.8633117675781
1512,285.88751220703125
1513,352.64984130859375
1514,398.6665344238281
1515,328.9737243652344
1516,395.29071044921875
1517,448.6588134765625
1518,287.5757141113281
1519,431.8636474609375
1520,352.961181640625
1521,315.1018371582031
1522,238.78045654296875
1523,379.6996765136719
1524,195.9326934814453
1525,239.63697814941406
1526,243.64260864257812
1527,209.2545928955078
1528,395.63958740234375
1529,306.85308837890625
1530,326.1106872558594
1531,238.34373474121094
1532,297.34417724609375
1533,278.857177734375
1534,124.0243148803711
1535,369.0691223144531
1536,323.9987487792969
1537,344.9563903808594
1538,413.0405578613281
1539,377.0147705078125
1540,142.6101837158203
1541,195.19137573242188
1542,283.72607421875
1543,359.13592529296875
1544,181.3526611328125
1545,208.82777404785156
1546,213.0912628173828
1547,402.2212219238281
1548,239.40017700195312
1549,415.4966735839844
1550,151.57154846191406
1551,268.718017578125
1552,317.6983337402344
1553,191.010498046875
1554,366.0171813964844
1555,229.3599395751953
1556,337.1074523925781
1557,322.43798828125
1558,280.2064514160156
1559,191.55357360839844
1560,342.8592224121094
1561,365.43194580078125
1562,378.9001159667969
1563,416.8272705078125
1564,262.152587890625
1565,162.03497314453125
1566,290.2745056152344
1567,218.2881622314453
1568,344.1144714355469
1569,258.2137451171875
1570,211.4934539794922
1571,306.892333984375
1572,401.31353759765625
1573,231.8363037109375
1574,438.9612731933594
1575,404.2601623535156
1576,196.653076171875
1577,386.02362060546875
1578,174.4766387939453
1579,366.6257019042969
1580,323.8670349121094
1581,374.7621154785156
1582,235.87857055664062
1583,371.04840087890625
1584,195.227783203125
1585,257.42340087890625
1586,285.3590087890625
1587,405.5160827636719
1588,258.90692138671875
1589,376.015869140625
1590,198.2432403564453
1591,127.94588470458984
1592,280.41290283203125
1593,192.25450134277344
1594,202.11111450195312
1595,312.4401550292969
1596,303.19635009765625
1597,131.23989868164062
1598,316.26190185546875
1599,328.8644104003906
1600,198.68702697753906
1601,198.3090057373047
1602,306.2033996582031
1603,266.4752502441406
1604,342.7117919921875
1605,192.0549774169922
1606,247.56504821777344
1607,178.5532989501953
1608,273.4576110839844
1609,301.78900146484375
1610,235.9205322265625
1611,185.3935089111328
1612,107.91610717773438
1613,219.72972106933594
1614,212.3125457763672
1615,335.0784606933594
1616,230.2875518798828
1617,110.10369110107422
1618,309.7894592285156
1619,301.6595764160156
1620,411.69281005859375
1621,318.0453186035156
1622,168.10191345214844
1623,254.85357666015625
1624,320.59674072265625
1625,373.8694763183594
1626,380.34173583984375
1627,355.5359802246094
1628,325.2803955078125
1629,258.6687927246094
1630,232.85305786132812
1631,341.8765869140625
1632,272.2810974121094
1633,282.1712646484375
1634,337.1370544433594
1635,376.5328674316406
1636,344.7741394042969
1637,362.302734375
1638,288.53082275390625
1639,154.14120483398438
1640,362.125
1641,108.50859069824219
1642,211.03736877441406
1643,374.9893798828125
1644,291.3580627441406
1645,248.80764770507812
1646,322.82366943359375
1647,399.1668395996094
1648,324.380126953125
1649,127.58948516845703
1650,179.52243041992188
1651,287.3042297363281
1652,340.00286865234375
1653,324.78045654296875
1654,205.51783752441406
1655,311.9847717285156
1656,424.4062805175781
1657,232.86978149414062
1658,365.30303955078125
1659,363.4790954589844
1660,181.3025360107422
1661,217.5691375732422
1662,198.46217346191406
1663,191.52345275878906
1664,189.3892059326172
1665,330.01019287109375
1666,280.34027099609375
1667,305.9759826660156
1668,340.1493225097656
1669,341.0577392578125
1670,214.1760711669922
1671,333.6551818847656
1672,230.94378662109375
1673,306.50860595703125
1674,148.85987854003906
1675,221.1833038330078
1676,238.8308868408203
1677,359.19598388671875
1678,140.14678955078125
1679,244.0068359375
1680,198.07725524902344
1681,204.7788848876953
1682,373.89642333984375
1683,311.572509765625
1684,306.5562744140625
1685,170.1799774169922
1686,284.9665222167969
1687,317.8868408203125
1688,386.8146667480469
1689,318.954345703125
1690,127.75638580322266
1691,159.42947387695312
1692,150.0608367919922
1693,193.14602661132812
1694,230.4313507080078
1695,139.2826690673828
1696,289.9202880859375
1697,253.76724243164062
1698,178.1074676513672
1699,210.8685302734375
1700,389.41925048828125
1701,167.61578369140625
1702,218.41787719726562
1703,149.00033569335938
1704,354.36798095703125
1705,283.66912841796875
1706,364.3223876953125
1707,213.93775939941406
1708,259.58001708984375
1709,314.0230712890625
1710,266.1775817871094
1711,278.2142639160156
1712,200.05841064453125
1713,385.4339599609375
1714,372.5382385253906
1715,277.9922180175781
1716,315.7458801269531
1717,96.10721588134766
1718,286.9001159667969
1719,180.81362915039062
1720,228.0933380126953
1721,274.61083984375
1722,203.65667724609375
1723,368.1261291503906
1724,349.32574462890625
1725,390.9862365722656
1726,354.0242919921875
1727,333.01727294921875
1728,99.49262237548828
1729,195.31211853027344
1730,357.2516174316406
1731,280.6039123535156
1732,235.9619903564453
1733,222.96133422851562
1734,233.92584228515625
1735,336.6171875
1736,170.00865173339844
1737,288.7273254394531
1738,267.8519592285156
1739,231.7798309326172
1740,244.86915588378906
1741,133.43089294433594
1742,344.3204650878906
1743,323.71722412109375
1744,225.22218322753906
1745,252.03384399414062
1746,359.7283630371094
1747,335.54583740234375
1748,377.5039978027344
1749,280.158203125
1750,389.0078430175781
1751,269.279296875
1752,377.0982360839844
1753,262.7984619140625
1754,305.4743347167969
1755,91.51749420166016
1756,268.2674560546875
1757,221.07485961914062
1758,256.4670104980469
1759,371.3933410644531
1760,386.5800476074219
1761,261.5349426269531
1762,265.6271667480469
1763,426.2799987792969
1764,427.4997253417969
1765,301.95587158203125
1766,373.2177734375
1767,321.3287353515625
1768,256.25738525390625
1769,346.2694091796875
1770,280.78997802734375
1771,173.7312774658203
1772,136.1624755859375
1773,427.54107666015625
1774,382.8984375
1775,391.6195068359375
1776,243.2443389892578
1777,391.2744140625
1778,288.1890563964844
1779,315.7794494628906
1780,377.3213195800781
1781,353.3553771972656
1782,120.11968994140625
1783,223.8088836669922
1784,201.68255615234375
1785,387.37176513671875
1786,370.9540710449219
1787,297.8921813964844
1788,196.9606170654297
1789,354.4010009765625
1790,217.49716186523438
1791,255.37371826171875
1792,422.18157958984375
1793,158.7610321044922
1794,303.91009521484375
1795,408.0320739746094
1796,323.1744079589844
1797,366.4787902832031
1798,390.33447265625
1799,91.36280822753906
1800,359.9085388183594
1801,341.6009521484375
1802,241.59527587890625
1803,207.0824432373047
1804,289.40960693359375
1805,226.12046813964844
1806,399.4692077636719
1807,218.70603942871094
1808,285.63116455078125
1809,331.34381103515625
1810,420.97845458984375
1811,323.55975341796875
1812,309.3687744140625
1813,67.33995819091797
1814,402.4109802246094
1815,358.1399841308594
1816,321.9006652832031
1817,310.38385009765625
1818,341.7402648925781
1819,372.5009765625
1820,177.4988555908203
1821,310.1256103515625
1822,311.29034423828125
1823,254.7143096923828
1824,179.35403442382812
1825,394.0655212402344
1826,357.5718688964844
1827,398.237548828125
1828,394.4725036621094
1829,144.86109924316406
1830,302.79638671875
1831,288.8741760253906
1832,422.1878356933594
1833,326.9599609375
1834,214.4325408935547
1835,154.34429931640625
1836,284.106201171875
1837,132.59979248046875
1838,137.73660278320312
1839,425.84149169921875
1840,372.1156921386719
1841,329.8568115234375
1842,251.61805725097656
1843,392.1705322265625
1844,151.0406494140625
1845,212.84788513183594
1846,228.65916442871094
1847,191.77589416503906
1848,195.89053344726562
1849,345.9977111816406
1850,223.80609130859375
1851,353.0844421386719
1852,170.57797241210938
1853,289.28839111328125
1854,414.66839599609375
1855,279.4680480957031
1856,365.8876037597656
1857,362.89825439453125
1858,347.2159118652344
1859,256.11328125
1860,388.9058532714844
1861,422.29046630859375
1862,299.1347961425781
1863,300.2856140136719
1864,163.5734405517578
1865,378.95123291015625
1866,338.1481018066406
1867,341.96624755859375
1868,306.4591369628906
1869,358.1501770019531
1870,248.32034301757812
1871,358.0987243652344
1872,272.9523010253906
1873,143.81544494628906
1874,430.40203857421875
1875,208.74244689941406
1876,316.6960754394531
1877,160.3449249267578
1878,108.3089370727539
1879,386.14239501953125
1880,168.6178741455078
1881,208.04615783691406
1882,375.6744079589844
1883,378.1703186035156
1884,273.27252197265625
1885,192.30551147460938
1886,47.47628402709961
1887,277.1293640136719
1888,357.17529296875
1889,307.6328125
1890,397.0218200683594
1891,208.23056030273438
1892,283.0560607910156
1893,283.6117858886719
1894,296.76556396484375
1895,317.25140380859375
1896,338.3033142089844
1897,428.8403625488281
1898,397.3869323730469
1899,271.7000427246094
1900,318.4045715332031
1901,265.2908630371094
1902,367.7065124511719
1903,236.37301635742188
1904,300.40545654296875
1905,322.9320373535156
1906,243.46493530273438
1907,172.4639129638672
1908,151.2512969970703
1909,397.4002685546875
1910,273.151123046875
1911,320.621337890625
1912,352.1137390136719
1913,377.8483581542969
1914,152.28140258789062
1915,306.40533447265625
1916,413.09210205078125
1917,352.2982177734375
1918,258.73553466796875
1919,338.7276916503906
1920,393.08740234375
1921,245.94638061523438
1922,392.537109375
1923,228.0785369873047
1924,149.50564575195312
1925,357.1492004394531
1926,380.18377685546875
1927,310.2711181640625
1928,275.6705322265625
1929,227.96551513671875
1930,201.0406494140625
1931,276.4938049316406
1932,364.54388427734375
1933,380.81671142578125
1934,393.13421630859375
1935,429.0798034667969
1936,359.8415222167969
1937,263.0536193847656
1938,216.44638061523438
1939,384.00738525390625
1940,371.70587158203125
1941,270.646484375
1942,107.5201187133789
1943,350.09649658203125
1944,228.23532104492188
1945,331.586181640625
1946,349.8857116699219
1947,244.3678741455078
1948,334.3172607421875
1949,210.36329650878906
1950,286.14520263671875
1951,127.33560180664062
1952,103.92240905761719
1953,284.9117736816406
1954,123.9684829711914
1955,243.90228271484375
1956,400.21429443359375
1957,197.81959533691406
1958,213.70468139648438
1959,374.6778869628906
1960,239.2143096923828
1961,249.0792694091797
1962,200.06558227539062
1963,192.05868530273438
1964,344.5379943847656
1965,284.1024475097656
1966,148.99478149414062
1967,242.0152130126953
1968,363.3556213378906
1969,333.1158447265625
1970,306.7367248535156
1971,324.6046447753906
1972,411.0771789550781
1973,125.95526885986328
1974,423.15447998046875
1975,252.15765380859375
1976,314.0345764160156
1977,347.05206298828125
1978,98.68297576904297
1979,380.96466064453125
1980,167.66795349121094
1981,158.87054443359375
1982,241.04331970214844
1983,172.5724639892578
1984,189.49192810058594
1985,132.7646026611328
1986,377.9234924316406
1987,236.7168731689453
1988,258.5875244140625
1989,340.3574523925781
1990,153.80520629882812
1991,370.0926513671875
1992,455.6707763671875
1993,380.7511291503906
1994,155.9445343017578
1995,374.1125183105469
1996,356.8966369628906
1997,135.06890869140625
1998,243.90216064453125
1999,197.25604248046875
2000,183.9814910888672
2001,380.3343505859375
2002,308.4259033203125
2003,442.347900390625
2004,407.73773193359375
2005,358.7268981933594
2006,237.8283233642578
2007,379.00958251953125
2008,171.42483520507812
2009,275.05120849609375
2010,382.3114013671875
2011,264.7320251464844
2012,389.6872863769531
2013,386.79278564453125
2014,423.49053955078125
2015,233.72120666503906
2016,281.0244445800781
2017,136.7109375
2018,328.87554931640625
2019,176.28369140625
2020,444.813232421875
2021,153.7609405517578
2022,368.1705017089844
2023,423.5513916015625
2024,335.2953186035156
2025,338.1836242675781
2026,311.1508483886719
2027,114.47927856445312
2028,352.7339172363281
2029,417.85064697265625
2030,125.2730941772461
2031,188.3883819580078
2032,351.42889404296875
2033,197.8243408203125
2034,378.8839416503906
2035,295.62103271484375
2036,168.52511596679688
2037,282.7063903808594
2038,439.178466796875
2039,347.666259765625
2040,314.8746643066406
2041,357.5569152832031
2042,270.2126159667969
2043,27.32145118713379
2044,59.19761657714844
2045,369.5798645019531
2046,278.67169189453125
2047,383.6378479003906
2048,347.7109069824219
2049,34.742210388183594
2050,213.9856414794922
2051,152.906005859375
2052,201.95724487304688
2053,157.65475463867188
2054,269.9232177734375
2055,160.08609008789062
2056,422.016845703125
2057,375.3766174316406
2058,194.37417602539062
2059,288.724853515625
2060,462.6807861328125
2061,327.5616455078125
2062,245.73458862304688
2063,438.1987609863281
2064,265.69122314453125
2065,272.1830139160156
2066,426.8431701660156
2067,223.45391845703125
2068,370.35455322265625
2069,234.4541473388672
2070,393.5232849121094
2071,260.8884582519531
2072,295.6175537109375
2073,437.50048828125
2074,321.493896484375
2075,318.614013671875
2076,414.0964050292969
2077,163.81309509277344
2078,104.58097839355469
2079,223.96099853515625
2080,364.07073974609375
2081,159.4025421142578
2082,213.60902404785156
2083,113.54731750488281
2084,214.6454315185547
2085,244.25015258789062
2086,308.1488037109375
2087,240.58721923828125
2088,109.44071960449219
2089,426.7563171386719
2090,365.5287780761719
2091,245.3948211669922
2092,386.184326171875
2093,226.90805053710938
2094,379.92193603515625
2095,170.9385223388672
2096,392.2909851074219
2097,265.31134033203125
2098,307.36041259765625
2099,200.447021484375
2100,264.2070617675781
2101,247.5414276123047
2102,228.01080322265625
2103,328.56866455078125
2104,298.689697265625
2105,299.53289794921875
2106,330.2922058105469
2107,378.57928466796875
2108,280.0595703125
2109,224.5790252685547
2110,353.712158203125
2111,380.7409362792969
2112,396.1181335449219
2113,437.5925598144531
2114,402.5877685546875
2115,163.50115966796875
2116,346.9190979003906
2117,252.64979553222656
2118,306.1573181152344
2119,136.5667724609375
2120,146.59585571289062
2121,391.0433044433594
2122,433.31024169921875
2123,133.05404663085938
2124,276.13287353515625
2125,201.50619506835938
2126,304.81805419921875
2127,378.31927490234375
2128,444.7891845703125
2129,231.64932250976562
2130,230.8783721923828
2131,173.51524353027344
2132,266.0669860839844
2133,341.69952392578125
2134,299.3414001464844
2135,279.6003112792969
2136,227.77264404296875
2137,345.43133544921875
2138,205.62501525878906
2139,217.67979431152344
2140,329.3258056640625
2141,364.9476013183594
2142,145.45799255371094
2143,364.4736022949219
2144,370.5722351074219
2145,213.4295654296875
2146,285.50537109375
2147,121.20990753173828
2148,179.15159606933594
2149,220.287353515625
2150,364.59271240234375
2151,244.3314971923828
2152,263.8943786621094
2153,265.08990478515625
2154,223.50119018554688
2155,372.1352844238281
2156,261.2912902832031
2157,264.7708435058594
2158,406.3733825683594
2159,192.8710479736328
2160,341.52081298828125
2161,112.06599426269531
2162,80.61810302734375
2163,202.5087890625
2164,263.6334228515625
2165,146.02102661132812
2166,425.24298095703125
2167,208.21282958984375
2168,344.5341491699219
2169,385.9881591796875
2170,358.5749206542969
2171,122.71317291259766
2172,158.14187622070312
2173,186.49867248535156
2174,392.05780029296875
2175,314.996826171875
2176,298.8753356933594
2177,132.67001342773438
2178,169.31472778320312
2179,105.23704528808594
2180,344.0829162597656
2181,335.3165588378906
2182,146.9185791015625
2183,384.1464538574219
2184,51.6883659362793
2185,343.8464050292969
2186,405.5985107421875
2187,243.5797882080078
2188,239.68991088867188
2189,236.8843536376953
2190,264.9339294433594
2191,204.13072204589844
2192,152.8833770751953
2193,299.6609802246094
2194,221.90838623046875
2195,308.83685302734375
2196,295.18505859375
2197,275.21392822265625
2198,179.29611206054688
2199,189.99986267089844
2200,248.80960083007812
2201,180.22225952148438
2202,424.44720458984375
2203,157.89462280273438
2204,253.0083465576172
2205,309.41925048828125
2206,172.4307403564453
2207,416.3075866699219
2208,308.91552734375
2209,233.05606079101562
2210,234.07925415039062
2211,319.2146301269531
2212,129.67723083496094
2213,339.526611328125
2214,199.2013702392578
2215,323.6866760253906
2216,418.7953796386719
2217,271.7543029785156
2218,138.35458374023438
2219,178.43643188476562
2220,187.05592346191406
2221,215.27227783203125
2222,123.21282958984375
2223,335.8782958984375
2224,359.57012939453125
2225,294.90777587890625
2226,360.60089111328125
2227,319.3135986328125
2228,291.42193603515625
2229,266.9712219238281
2230,166.84521484375
2231,253.2592315673828
2232,332.5831298828125
2233,269.59521484375
2234,423.03863525390625
2235,203.0942840576172
2236,346.0107116699219
2237,294.5374450683594
2238,158.94273376464844
2239,295.0541076660156
2240,285.7331848144531
2241,238.54718017578125
2242,226.81240844726562
2243,276.69427490234375
2244,293.75048828125
2245,122.9055404663086
2246,175.19699096679688
2247,367.5546569824219
2248,353.122802734375
2249,287.81256103515625
2250,327.6066589355469
2251,242.50372314453125
2252,353.46063232421875
2253,299.73712158203125
2254,241.53807067871094
2255,386.75250244140625
2256,239.9578094482422
2257,172.04476928710938
2258,401.41949462890625
2259,342.2698669433594
2260,351.3481140136719
2261,342.3724670410156
2262,123.65353393554688
2263,238.76646423339844
2264,119.59228515625
2265,342.8638000488281
2266,127.99188995361328
2267,399.490234375
2268,211.6793975830078
2269,359.5787353515625
2270,227.53619384765625
2271,284.45233154296875
2272,348.33251953125
2273,354.83526611328125
2274,377.0223693847656
2275,321.4155578613281
2276,297.62921142578125
2277,202.7744903564453
2278,364.515380859375
2279,383.5310363769531
2280,381.13897705078125
2281,359.97772216796875
2282,294.6095886230469
2283,235.64657592773438
2284,138.00035095214844
2285,412.0544128417969
2286,228.82366943359375
2287,301.7604675292969
2288,206.3806610107422
2289,344.2007141113281
2290,246.2129364013672
2291,281.8260803222656
2292,248.27297973632812
2293,202.95530700683594
2294,375.8368225097656
2295,300.09722900390625
2296,203.4903106689453
2297,271.3430480957031
2298,139.60848999023438
2299,325.9346923828125
2300,252.4539031982422
2301,289.1934814453125
2302,326.86004638671875
2303,403.0981140136719
2304,213.58511352539062
2305,250.31246948242188
2306,227.09481811523438
2307,164.54940795898438
2308,352.5353088378906
2309,267.64239501953125
2310,202.67425537109375
2311,216.48057556152344
2312,321.7953796386719
2313,339.9551086425781
2314,288.8548583984375
2315,319.78875732421875
2316,249.4461212158203
2317,334.89593505859375
2318,283.82086181640625
2319,159.6510772705078
2320,341.9186096191406
2321,366.45062255859375
2322,300.1024169921875
2323,213.64395141601562
2324,154.03494262695312
2325,328.3700256347656
2326,337.8348083496094
2327,261.2582092285156
2328,172.140869140625
2329,218.14939880371094
2330,178.34478759765625
2331,97.11729431152344
2332,394.96246337890625
2333,263.004150390625
2334,287.7975769042969
2335,343.582275390625
2336,356.59918212890625
2337,310.819091796875
2338,177.65130615234375
2339,234.45860290527344
2340,275.3772888183594
2341,309.7581787109375
2342,289.239013671875
2343,350.62396240234375
2344,261.2153015136719
2345,175.17831420898438
2346,377.60675048828125
2347,202.43128967285156
2348,96.53030395507812
2349,286.67010498046875
2350,256.23883056640625
2351,144.70953369140625
2352,206.5696258544922
2353,93.17742156982422
2354,388.7290344238281
2355,241.08621215820312
2356,327.451171875
2357,184.05322265625
2358,302.5595703125
2359,332.66949462890625
2360,289.7607421875
2361,281.605712890625
2362,166.9397430419922
2363,309.5257873535156
2364,272.0464782714844
2365,351.4126281738281
2366,141.7792510986328
2367,331.4405517578125
2368,343.3864440917969
2369,163.62171936035156
2370,370.0156555175781
2371,380.4176940917969
2372,174.28567504882812
2373,300.1671447753906
2374,360.7193603515625
2375,54.242034912109375
2376,190.8529815673828
2377,323.82843017578125
2378,378.94781494140625
2379,286.71435546875
2380,321.70257568359375
2381,301.8348388671875
2382,314.2364501953125
2383,313.3542785644531
2384,285.22021484375
2385,341.1434020996094
2386,283.3407287597656
2387,178.7307891845703
2388,293.6503601074219
2389,326.42724609375
2390,368.82769775390625
2391,213.69375610351562
2392,336.76446533203125
2393,232.03956604003906
2394,282.8608093261719
2395,345.2590026855469
2396,289.57391357421875
2397,356.43310546875
2398,161.96534729003906
2399,314.099365234375
2400,246.56747436523438
2401,374.5201721191406
2402,275.71435546875
2403,396.9853820800781
2404,290.1884765625
2405,366.6958312988281
2406,346.6836242675781
2407,253.139404296875
2408,340.1543884277344
2409,298.2329406738281
2410,311.99359130859375
2411,337.2602233886719
2412,317.40325927734375
2413,354.3972473144531
2414,363.3283996582031
2415,285.2055358886719
2416,224.61732482910156
2417,384.0484619140625
2418,227.96517944335938
2419,162.71875
2420,216.3132781982422
2421,257.3207702636719
2422,249.97605895996094
2423,306.0641784667969
2424,395.83050537109375
2425,90.62205505371094
2426,309.1227722167969
2427,302.6211853027344
2428,212.77706909179688
2429,371.0726013183594
2430,248.81954956054688
2431,231.8201446533203
2432,214.8809051513672
2433,284.78497314453125
2434,294.2518310546875
2435,395.0650939941406
2436,341.713623046875
2437,406.51983642578125
2438,294.73504638671875
2439,408.7528991699219
2440,149.1778106689453
2441,403.6175842285156
2442,437.6175842285156
2443,360.79608154296875
2444,307.3951721191406
2445,346.2818908691406
2446,399.8721923828125
2447,420.9572448730469
2448,248.048583984375
2449,377.22735595703125
2450,391.09185791015625
2451,220.71800231933594
2452,372.54693603515625
2453,314.8030090332031
2454,345.885986328125
2455,401.3766174316406
2456,219.9659881591797
2457,300.36175537109375
2458,419.9508972167969
2459,323.9991149902344
2460,261.6302185058594
2461,222.16299438476562
2462,296.4267578125
2463,209.92457580566406
2464,375.26104736328125
2465,197.15931701660156
2466,442.35711669921875
2467,394.61370849609375
2468,392.7344970703125
2469,303.6752624511719
2470,264.77655029296875
2471,379.0121765136719
2472,342.5010986328125
2473,294.7262268066406
2474,252.40823364257812
2475,295.805419921875
2476,317.1408386230469
2477,273.64825439453125
2478,283.52117919921875
2479,264.5216369628906
2480,231.31924438476562
2481,277.1615295410156
2482,346.4106140136719
2483,432.1102600097656
2484,307.8764343261719
2485,302.7738952636719
2486,202.4702911376953
2487,262.1517028808594
2488,182.70962524414062
2489,332.17767333984375
2490,235.57891845703125
2491,285.50286865234375
2492,309.88946533203125
2493,198.55157470703125
2494,357.0611572265625
2495,186.14056396484375
2496,276.1684265136719
2497,246.67774963378906
2498,363.04412841796875
2499,361.5050964355469
2500,337.4873962402344
2501,241.51463317871094
2502,388.2861022949219
2503,254.91897583007812
2504,359.68670654296875
2505,437.2092590332031
2506,333.01605224609375
2507,255.5533905029297
2508,327.7012023925781
2509,328.8885498046875
2510,231.93373107910156
2511,115.05070495605469
2512,381.7101745605469
2513,346.88177490234375
2514,361.9698486328125
2515,139.57838439941406
2516,332.6486511230469
2517,138.63150024414062
2518,172.59774780273438
2519,332.3837890625
2520,271.4365539550781
2521,345.8184814453125
2522,297.6093444824219
2523,300.1355895996094
2524,237.93649291992188
2525,315.35589599609375
2526,173.78854370117188
2527,306.11041259765625
2528,173.05149841308594
2529,275.6863708496094
2530,376.2182312011719
2531,397.5355224609375
2532,200.18544006347656
2533,406.5707702636719
2534,203.7614288330078
2535,378.274169921875
2536,212.90638732910156
2537,326.3013610839844
2538,350.9825744628906
2539,199.76771545410156
2540,274.29193115234375
2541,267.8912048339844
2542,280.3130187988281
2543,315.2184143066406
2544,314.54388427734375
2545,337.7184143066406
2546,301.1015625
2547,116.13416290283203
2548,233.63560485839844
2549,351.18304443359375
2550,157.83287048339844
2551,340.6597595214844
2552,280.9699401855469
2553,410.6263122558594
2554,313.3529357910156
2555,369.0154113769531
2556,348.86444091796875
2557,296.77081298828125
2558,162.90696716308594
2559,389.4657287597656
2560,190.5526885986328
2561,206.01565551757812
2562,253.0381622314453
2563,291.0323181152344
2564,208.87161254882812
2565,282.4571533203125
2566,254.87123107910156
2567,305.8970031738281
2568,342.6692810058594
2569,355.5840759277344
2570,334.52117919921875
2571,261.8586730957031
2572,123.43766784667969
2573,335.0695495605469
2574,331.9351501464844
2575,280.92181396484375
2576,280.92169189453125
2577,406.6106872558594
2578,278.0979309082031
2579,256.2037048339844
2580,227.24322509765625
2581,296.4800109863281
2582,350.4707946777344
2583,319.482666015625
2584,274.865478515625
2585,405.4554748535156
2586,196.79153442382812
2587,319.18658447265625
2588,314.04150390625
2589,315.3831481933594
2590,293.6963806152344
2591,182.745361328125
2592,176.65377807617188
2593,305.27471923828125
2594,253.9980926513672
2595,320.6305236816406
2596,277.9867248535156
2597,313.8658447265625
2598,370.4689636230469
2599,259.7174987792969
2600,216.86109924316406
2601,347.2202453613281
2602,419.3043518066406
2603,353.9934997558594
2604,323.09429931640625
2605,252.4845733642578
2606,355.6335754394531
2607,283.3226013183594
2608,316.009765625
2609,308.3971862792969
2610,368.3663024902344
2611,361.1279296875
2612,422.67840576171875
2613,450.74725341796875
2614,354.7114562988281
2615,424.19635009765625
2616,200.79489135742188
2617,384.6470947265625
2618,205.66964721679688
2619,356.87493896484375
2620,302.5860595703125
2621,343.64227294921875
2622,396.02935791015625
2623,255.59059143066406
2624,231.51361083984375
2625,345.1641845703125
2626,146.12283325195312
2627,399.2110595703125
2628,215.45401000976562
2629,236.60145568847656
2630,387.36785888671875
2631,300.7545166015625
2632,316.5487060546875
2633,347.006103515625
2634,262.64910888671875
2635,379.2309265136719
2636,341.76483154296875
2637,354.0540771484375
2638,374.0270690917969
2639,364.6833801269531
2640,357.53167724609375
2641,352.67999267578125
2642,227.5049285888672
2643,233.1259002685547
2644,338.3567199707031
2645,407.27099609375
2646,304.36041259765625
2647,263.6266174316406
2648,288.5897521972656
2649,426.65576171875
2650,296.4937744140625
2651,310.2305908203125
2652,308.8786926269531
2653,436.35614013671875
2654,278.508544921875
2655,329.8323669433594
2656,219.9788055419922
2657,313.84228515625
2658,255.1928253173828
2659,380.1859436035156
2660,321.0091552734375
2661,309.4469909667969
2662,389.3607177734375
2663,395.727783203125
2664,298.9284362792969
2665,324.03900146484375
2666,326.7117004394531
2667,297.9876403808594
2668,355.0000305175781
2669,194.15855407714844
2670,185.4362335205078
2671,250.7074432373047
2672,283.2942199707031
2673,310.13458251953125
2674,365.08721923828125
2675,241.53086853027344
2676,302.0146179199219
2677,385.84197998046875
2678,285.3628845214844
2679,436.4437255859375
2680,323.7824401855469
2681,314.917236328125
2682,323.21807861328125
2683,386.68560791015625
2684,264.962158203125
2685,245.25784301757812
2686,183.85838317871094
2687,295.5591125488281
2688,421.74237060546875
2689,167.13363647460938
2690,278.4682922363281
2691,391.8204345703125
2692,206.13088989257812
2693,334.78741455078125
2694,330.056396484375
2695,256.3929748535156
2696,392.5985107421875
2697,222.07415771484375
2698,278.503662109375
2699,292.1635437011719
2700,315.53778076171875
2701,388.3883972167969
2702,175.05062866210938
2703,311.0115661621094
2704,258.21405029296875
2705,240.10951232910156
2706,426.82135009765625
2707,296.9292297363281
2708,290.00335693359375
2709,230.60633850097656
2710,270.32781982421875
2711,327.4319763183594
2712,243.7894287109375
2713,299.625
2714,267.66802978515625
2715,312.0304260253906
2716,392.927734375
2717,330.21234130859375
2718,211.59828186035156
2719,269.6370544433594
2720,259.35540771484375
2721,277.52435302734375
2722,329.39849853515625
2723,275.3198547363281
2724,384.6273193359375
2725,186.2370147705078
2726,387.9599914550781
2727,408.2010498046875
2728,289.4110107421875
2729,385.89959716796875
2730,223.24142456054688
2731,421.4315185546875
2732,365.3189697265625
2733,360.6527099609375
2734,411.3332824707031
2735,290.5227355957031
2736,356.2701416015625
2737,277.0270080566406
2738,365.5238037109375
2739,360.86480712890625
2740,317.0450134277344
2741,400.61419677734375
2742,254.3024444580078
2743,374.4712829589844
2744,422.02978515625
2745,270.9440612792969
2746,306.35888671875
2747,265.8550109863281
2748,258.0488586425781
2749,375.6931457519531
2750,406.37860107421875
2751,361.2364501953125
2752,253.2318572998047
2753,183.4143524169922
2754,291.2505187988281
2755,314.22613525390625
2756,227.09478759765625
2757,382.19769287109375
2758,371.0801086425781
2759,269.85302734375
2760,312.533935546875
2761,299.44158935546875
2762,290.2258605957031
2763,303.9031982421875
2764,372.1833190917969
2765,139.77989196777344
2766,287.6370544433594
2767,271.44940185546875
2768,331.6509704589844
2769,306.9676208496094
2770,422.3595886230469
2771,416.89886474609375
2772,305.4971923828125
2773,287.6611633300781
2774,300.835693359375
2775,254.26821899414062
2776,293.2447204589844
2777,234.2967071533203
2778,390.68133544921875
2779,371.2210998535156
2780,360.07623291015625
2781,375.04986572265625
2782,332.19921875
2783,258.83740234375
2784,276.5727233886719
2785,272.06689453125
2786,283.9683532714844
2787,251.98931884765625
2788,339.0234680175781
2789,231.91143798828125
2790,432.7579650878906
2791,204.73989868164062
2792,291.41461181640625
2793,354.0464782714844
2794,213.0568389892578
2795,332.3657531738281
2796,391.2528076171875
2797,356.12579345703125
2798,301.8341064453125
2799,418.379638671875
2800,367.9610290527344
2801,343.23443603515625
2802,332.8287353515625
2803,449.2537536621094
2804,395.3142395019531
2805,333.5194091796875
2806,396.3412170410156
2807,333.2412109375
2808,235.44488525390625
2809,362.73046875
2810,379.6697692871094
2811,342.11407470703125
2812,189.65853881835938
2813,288.65948486328125
2814,438.6338806152344
2815,388.0180969238281
2816,233.5392608642578
2817,402.6786804199219
2818,366.89324951171875
2819,206.23455810546875
2820,241.78004455566406
2821,412.61309814453125
2822,290.3119201660156
2823,198.00807189941406
2824,323.5006103515625
2825,411.2079162597656
2826,297.41839599609375
2827,366.0513610839844
2828,345.8576354980469
2829,349.34918212890625
2830,356.6100158691406
2831,229.78492736816406
2832,212.94064331054688
2833,184.171142578125
2834,413.0973205566406
2835,292.3109436035156
2836,425.63714599609375
2837,254.07814025878906
2838,344.72210693359375
2839,264.6986389160156
2840,273.5526123046875
2841,245.1257781982422
2842,272.8977355957031
2843,381.58929443359375
2844,416.848388671875
2845,293.6492919921875
2846,396.2643127441406
2847,353.03631591796875
2848,338.1092529296875
2849,402.47393798828125
2850,428.19073486328125
2851,256.2281494140625
2852,259.34967041015625
2853,369.6955261230469
2854,404.7518615722656
2855,265.3861999511719
2856,410.212890625
2857,300.52679443359375
2858,285.5732116699219
2859,190.96881103515625
2860,347.1307067871094
2861,386.26544189453125
2862,390.237060546875
2863,434.5683898925781
2864,291.132080078125
2865,232.816650390625
2866,132.92039489746094
2867,269.1519775390625
2868,287.3808288574219
2869,347.25372314453125
2870,329.6217346191406
2871,322.4635925292969
2872,238.33428955078125
2873,299.2012939453125
2874,337.66058349609375
2875,416.2591247558594
2876,275.1073913574219
2877,338.49981689453125
2878,351.47882080078125
2879,287.37200927734375
2880,382.5104675292969
2881,320.6097106933594
2882,229.64825439453125
2883,350.11669921875
2884,356.5220031738281
2885,319.34576416015625
2886,315.55224609375
2887,311.34197998046875
2888,346.6940612792969
2889,361.90899658203125
2890,316.4194030761719
2891,408.19384765625
2892,331.867431640625
2893,392.6695556640625
2894,297.5455322265625
2895,262.1553955078125
2896,407.77972412109375
2897,313.66448974609375
2898,393.1391296386719
2899,394.65936279296875
2900,205.4003143310547
2901,139.5980224609375
2902,231.08070373535156
2903,241.36962890625
2904,341.77569580078125
2905,220.62660217285156
2906,311.2791442871094
2907,375.81414794921875
2908,302.9085388183594
2909,278.91497802734375
2910,372.4068603515625
2911,234.08473205566406
2912,383.1321105957031
2913,270.3558349609375
2914,205.4984893798828
2915,203.8029022216797
2916,365.8711242675781
2917,355.23052978515625
2918,224.7072296142578
2919,393.2573547363281
2920,256.9718933105469
2921,394.6919860839844
2922,350.6011047363281
2923,399.55255126953125
2924,232.46871948242188
2925,374.1959228515625
2926,345.9518127441406
2927,413.7352600097656
2928,357.61822509765625
2929,214.8150177001953
2930,396.4132995605469
2931,165.24623107910156
2932,186.73843383789062
2933,296.64654541015625
2934,316.4943542480469
2935,275.36279296875
2936,274.7178649902344
2937,267.93450927734375
2938,220.51101684570312
2939,353.4398193359375
2940,281.318359375
2941,275.5096130371094
2942,356.793212890625
2943,398.2452697753906
2944,346.510498046875
2945,247.75241088867188
2946,311.5874938964844
2947,359.3647766113281
2948,194.9409942626953
2949,235.31932067871094
2950,351.44061279296875
2951,410.0098571777344
2952,193.6260986328125
2953,255.44186401367188
2954,241.17893981933594
2955,332.5815734863281
2956,346.8027038574219
2957,285.95184326171875
2958,371.21673583984375
2959,230.2295684814453
2960,350.6005554199219
2961,293.09246826171875
2962,293.4443664550781
2963,335.6468200683594
2964,403.6773681640625
2965,390.96942138671875
2966,298.890625
2967,347.327392578125
2968,378.75958251953125
2969,350.5963439941406
2970,191.0387420654297
2971,171.39157104492188
2972,342.895751953125
2973,246.0037078857422
2974,222.35321044921875
2975,340.11871337890625
2976,302.1947937011719
2977,382.2375183105469
2978,385.24267578125
2979,295.9771728515625
2980,305.0675964355469
2981,353.9627685546875
2982,352.08258056640625
2983,371.4379577636719
2984,346.0679931640625
2985,376.0584411621094
2986,284.4896545410156
2987,259.9495544433594
2988,319.6230773925781
2989,346.26690673828125
2990,222.4478759765625
2991,349.3986511230469
2992,334.7598571777344
2993,244.2436981201172
2994,299.59344482421875
2995,289.2187805175781
2996,157.5408935546875
2997,276.4151916503906
2998,377.388427734375
2999,342.2884216308594
3000,229.59466552734375
3001,269.72119140625
3002,269.1950988769531
3003,259.114990234375
3004,285.7988586425781
3005,257.5167541503906
3006,341.88616943359375
3007,190.189453125
3008,360.8565673828125
3009,343.6368103027344
3010,385.9353942871094
3011,251.06283569335938
3012,297.5934143066406
3013,288.6617736816406
3014,228.18702697753906
3015,374.38720703125
3016,382.6292419433594
3017,397.6686096191406
3018,197.6733856201172
3019,362.6860656738281
3020,289.514892578125
3021,207.79148864746094
3022,377.5458679199219
3023,387.2542724609375
3024,318.61358642578125
3025,284.5739440917969
3026,316.1377868652344
3027,203.3774871826172
3028,402.0178527832031
3029,289.03302001953125
3030,295.3958435058594
3031,398.95733642578125
3032,431.7360534667969
3033,259.1520080566406
3034,338.8746337890625
3035,219.14125061035156
3036,278.44659423828125
3037,396.63079833984375
3038,385.93231201171875
3039,391.8921203613281
3040,328.72528076171875
3041,365.26446533203125
3042,267.0088195800781
3043,354.0672607421875
3044,350.7419128417969
3045,282.1217956542969
3046,280.81085205078125
3047,234.1236572265625
3048,415.201416015625
3049,279.65338134765625
3050,297.6771545410156
3051,349.00543212890625
3052,330.7289733886719
3053,375.252685546875
3054,154.76016235351562
3055,332.4194030761719
3056,336.0714111328125
3057,265.8872985839844
3058,358.99725341796875
3059,404.6603698730469
3060,393.4042663574219
3061,362.9755554199219
3062,387.728271484375
3063,260.9756774902344
3064,251.08297729492188
3065,280.2957458496094
3066,338.7335510253906
3067,350.42852783203125
3068,226.27378845214844
3069,397.26806640625
3070,221.14259338378906
3071,363.9349060058594
3072,318.5549621582031
3073,196.1417999267578
3074,429.41796875
3075,325.68157958984375
3076,372.3841247558594
3077,221.20262145996094
3078,211.86094665527344
3079,28.12615394592285
3080,370.9069519042969
3081,410.0126953125
3082,208.63693237304688
3083,170.11502075195312
3084,348.2998046875
3085,276.22979736328125
3086,296.6336669921875
3087,272.70318603515625
3088,392.3140563964844
3089,275.7454833984375
3090,323.160400390625
3091,423.85211181640625
3092,405.09381103515625
3093,327.12310791015625
3094,360.54608154296875
3095,308.3002014160156
3096,358.52020263671875
3097,413.17364501953125
3098,281.7081604003906
3099,392.9375305175781
3100,302.60369873046875
3101,345.488525390625
3102,426.34869384765625
3103,307.3105773925781
3104,393.9387512207031
3105,311.3031005859375
3106,318.00946044921875
3107,382.658203125
3108,412.6772155761719
3109,344.7887268066406
3110,361.5047607421875
3111,220.79751586914062
3112,258.9488830566406
3113,359.2008056640625
3114,346.7915344238281
3115,380.3586730957031
3116,395.31640625
3117,358.2447509765625
3118,356.22650146484375
3119,349.8854064941406
3120,303.98614501953125
3121,416.08367919921875
3122,320.1497802734375
3123,389.2577819824219
3124,280.259765625
3125,204.81399536132812
3126,379.2967224121094
3127,376.7997131347656
3128,432.9286193847656
3129,368.5587463378906
3130,367.18719482421875
3131,359.0553283691406
3132,357.1715087890625
3133,331.98284912109375
3134,248.61903381347656
3135,369.47454833984375
3136,369.6535949707031
3137,367.7960510253906
3138,351.1559753417969
3139,397.2181091308594
3140,307.49505615234375
3141,305.18359375
3142,381.5830383300781
3143,344.78289794921875
3144,412.8634948730469
3145,362.6781005859375
3146,429.5058288574219
3147,226.88043212890625
3148,410.1574401855469
3149,175.80738830566406
3150,359.3598937988281
3151,367.8019714355469
3152,317.27227783203125
3153,417.4913330078125
3154,344.6609802246094
3155,322.84814453125
3156,382.66326904296875
3157,377.731201171875
3158,339.8844299316406
3159,333.83697509765625
3160,344.4595947265625
3161,238.947021484375
3162,293.303955078125
3163,363.51806640625
3164,334.54913330078125
3165,384.62408447265625
3166,187.88185119628906
3167,312.3389587402344
3168,434.0682678222656
3169,348.9981384277344
3170,341.0107727050781
3171,225.59312438964844
3172,214.79159545898438
3173,264.6368103027344
3174,299.94952392578125
3175,267.57867431640625
3176,284.29058837890625
3177,418.2118835449219
3178,257.81781005859375
3179,409.3685302734375
3180,251.58871459960938
3181,256.57489013671875
3182,361.73162841796875
3183,290.2329406738281
3184,330.37646484375
3185,361.64019775390625
3186,280.9389343261719
3187,370.9278564453125
3188,324.5850830078125
3189,338.63250732421875
3190,200.96768188476562
3191,416.4026184082031
3192,274.7276916503906
3193,342.70184326171875
3194,71.77410888671875
3195,411.9114074707031
3196,366.8268127441406
3197,149.82908630371094
3198,190.08966064453125
3199,340.4607849121094
3200,380.0902404785156
3201,406.65447998046875
3202,280.8109436035156
3203,380.0277404785156
3204,370.4512634277344
3205,274.45977783203125
3206,374.1002502441406
3207,268.1199035644531
3208,349.3777770996094
3209,387.3421936035156
3210,18.854005813598633
3211,176.75392150878906
3212,261.25787353515625
3213,375.2103576660156
3214,278.00555419921875
3215,389.3171081542969
3216,291.9347839355469
3217,354.73779296875
3218,350.9339599609375
3219,331.01837158203125
3220,419.95208740234375
3221,291.06805419921875
3222,414.4981994628906
3223,340.5632629394531
3224,321.4582824707031
3225,207.99554443359375
3226,380.29541015625
3227,346.4631042480469
3228,380.5382995605469
3229,360.39935302734375
3230,359.2529296875
3231,404.6355895996094
3232,293.4480285644531
3233,333.9209289550781
3234,296.0963439941406
3235,260.714599609375
3236,304.11724853515625
3237,374.3066711425781
3238,399.7265319824219
3239,307.7910461425781
3240,363.1236267089844
3241,343.9143981933594
3242,364.6042785644531
3243,298.0950622558594
3244,384.2527160644531
3245,357.5445251464844
3246,298.2479553222656
3247,375.4978332519531
3248,406.59527587890625
3249,347.2270202636719
3250,288.1217346191406
3251,316.6310119628906
3252,347.0257873535156
3253,359.97772216796875
3254,248.9095458984375
3255,329.0093688964844
3256,290.1453552246094
3257,371.72021484375
3258,374.23980712890625
3259,271.2369079589844
3260,383.4621887207031
3261,317.09332275390625
3262,316.1993713378906
3263,19.29604721069336
3264,384.31390380859375
3265,335.4715576171875
3266,269.6144104003906
3267,333.5870361328125
3268,246.91888427734375
3269,366.2711181640625
3270,417.5987854003906
3271,310.2319641113281
3272,423.1872863769531
3273,197.44508361816406
3274,395.74029541015625
3275,347.7568664550781
3276,305.6268005371094
3277,271.2621765136719
3278,272.7162780761719
3279,330.1427917480469
3280,391.2589111328125
3281,312.1546630859375
3282,424.9475402832031
3283,369.05462646484375
3284,324.95281982421875
3285,290.8645935058594
3286,365.0169982910156
3287,301.5926208496094
3288,234.1468048095703
3289,404.1596984863281
3290,295.353759765625
3291,294.84375
3292,362.6301574707031
3293,334.2955017089844
3294,291.7987060546875
3295,298.99755859375
3296,323.7658386230469
3297,330.1318664550781
3298,235.83766174316406
3299,396.1075744628906
3300,260.7674865722656
3301,244.03099060058594
3302,282.4390563964844
3303,262.7135314941406
3304,212.30731201171875
3305,379.3226623535156
3306,295.4072265625
3307,309.7819519042969
3308,311.5032653808594
3309,276.98974609375
3310,408.87994384765625
3311,383.8443908691406
3312,307.3037414550781
3313,278.73828125
3314,345.2508544921875
3315,390.6280517578125
3316,379.50140380859375
3317,190.2294158935547
3318,337.97039794921875
3319,403.4851989746094
3320,410.5768737792969
3321,378.61004638671875
3322,340.83477783203125
3323,384.8799743652344
3324,373.398681640625
3325,350.8033752441406
3326,164.53167724609375
3327,259.3946838378906
3328,280.59771728515625
3329,330.743896484375
3330,259.33758544921875
3331,376.69891357421875
3332,326.179443359375
3333,296.49481201171875
3334,301.7518310546875
3335,315.89129638671875
3336,195.23770141601562
3337,385.0612487792969
3338,387.3644104003906
3339,391.30377197265625
3340,370.99853515625
3341,351.6651916503906
3342,280.490966796875
3343,338.9823913574219
3344,380.0974426269531
3345,354.3597412109375
3346,189.32174682617188
3347,386.1477966308594
3348,326.08251953125
3349,264.60748291015625
3350,357.72149658203125
3351,162.06260681152344
3352,260.6863708496094
3353,343.1134338378906
3354,324.2892761230469
3355,370.575927734375
3356,355.1016540527344
3357,301.1469421386719
3358,340.9903869628906
3359,334.29058837890625
3360,319.4541015625
3361,323.0366516113281
3362,216.50120544433594
3363,408.91796875
3364,286.2563171386719
3365,379.4775695800781
3366,394.7539978027344
3367,393.95623779296875
3368,342.76055908203125
3369,294.1514892578125
3370,394.2755126953125
3371,435.7020568847656
3372,302.64434814453125
3373,280.61676025390625
3374,399.8967590332031
3375,345.5365905761719
3376,217.6080780029297
3377,410.36029052734375
3378,412.96466064453125
3379,264.71759033203125
3380,353.3956298828125
3381,280.0272216796875
3382,392.3390808105469
3383,358.44805908203125
3384,372.4238586425781
3385,402.0247802734375
3386,319.84295654296875
3387,308.9391784667969
3388,236.33287048339844
3389,287.2127380371094
3390,388.1962585449219
3391,347.0841369628906
3392,340.1286926269531
3393,382.29541015625
3394,327.74407958984375
3395,404.6539611816406
3396,297.0457763671875
3397,389.1275329589844
3398,313.95404052734375
3399,255.02296447753906
3400,397.29315185546875
3401,239.3517608642578
3402,293.810791015625
3403,343.1740417480469
3404,303.3505859375
3405,402.61663818359375
3406,394.5704040527344
3407,373.90673828125
3408,350.2707824707031
3409,381.9126281738281
3410,355.2475280761719
3411,310.0057373046875
3412,366.2641296386719
3413,381.67022705078125
3414,359.228271484375
3415,329.3439025878906
3416,305.13848876953125
3417,360.20001220703125
3418,395.8094482421875
3419,423.78204345703125
3420,436.3157653808594
3421,357.8900451660156
3422,308.42626953125
3423,408.7188415527344
3424,274.8439025878906
3425,350.0119934082031
3426,414.2159729003906
3427,296.2344055175781
3428,261.40240478515625
3429,420.28826904296875
3430,248.66775512695312
3431,391.1358337402344
3432,396.1094970703125
3433,343.58917236328125
3434,313.3395690917969
3435,233.01368713378906
3436,321.9463806152344
3437,321.0093994140625
3438,253.60487365722656
3439,308.17962646484375
3440,311.5968933105469
3441,406.6526184082031
3442,216.84461975097656
3443,382.79302978515625
3444,421.0645446777344
3445,351.66510009765625
3446,375.504638671875
3447,309.32025146484375
3448,356.794921875
3449,146.52000427246094
3450,406.8152770996094
3451,326.9827575683594
3452,252.2903289794922
3453,372.4205627441406
3454,345.31781005859375
3455,352.71173095703125
3456,383.8436584472656
3457,358.9403381347656
3458,406.5834655761719
3459,432.4737243652344
3460,327.8600158691406
3461,216.971435546875
3462,386.51312255859375
3463,383.7431945800781
3464,428.1404724121094
3465,286.0990295410156
3466,412.543212890625
3467,395.30340576171875
3468,184.6217041015625
3469,304.6646423339844
3470,410.55450439453125
3471,291.16998291015625
3472,388.12847900390625
3473,410.6359558105469
3474,394.52386474609375
3475,341.1653137207031
3476,351.51556396484375
3477,359.31640625
3478,381.1583251953125
3479,351.8241271972656
3480,382.5671691894531
3481,418.0318298339844
3482,366.38232421875
3483,315.333984375
3484,406.0477294921875
3485,277.9642333984375
3486,270.02191162109375
3487,213.54530334472656
3488,365.3649597167969
3489,341.99627685546875
3490,300.4330139160156
3491,318.4429016113281
3492,340.5049743652344
3493,286.30718994140625
3494,347.66845703125
3495,340.4186096191406
3496,392.32122802734375
3497,206.34693908691406
3498,304.582275390625
3499,398.9916687011719
3500,294.76446533203125
3501,411.93463134765625
3502,391.4992370605469
3503,282.11578369140625
3504,367.4813537597656
3505,363.4772033691406
3506,373.86968994140625
3507,308.2872314453125
3508,383.35479736328125
3509,312.9535217285156
3510,350.79571533203125
3511,334.5002746582031
3512,358.42181396484375
3513,231.6656951904297
3514,403.0909423828125
3515,371.4432067871094
3516,340.68212890625
3517,362.4556884765625
3518,287.1288146972656
3519,293.9822082519531
3520,351.09735107421875
3521,348.813232421875
3522,411.2584533691406
3523,326.67364501953125
3524,376.81488037109375
3525,226.06008911132812
3526,409.35931396484375
3527,423.2303771972656
3528,255.2585906982422
3529,318.1041564941406
3530,271.8644104003906
3531,421.68927001953125
3532,411.9327697753906
3533,433.27215576171875
3534,255.98019409179688
3535,411.6399230957031
3536,357.1862487792969
3537,365.08843994140625
3538,424.9586486816406
3539,362.6325378417969
3540,306.5369567871094
3541,326.5653991699219
3542,304.9399719238281
3543,371.985107421875
3544,340.3703308105469
3545,380.396484375
3546,289.8956298828125
3547,362.6589660644531
3548,305.4908752441406
3549,257.3945007324219
3550,287.569091796875
3551,376.8677978515625
3552,372.8642883300781
3553,308.4297790527344
3554,330.95068359375
3555,433.63250732421875
3556,417.7923889160156
3557,291.0057678222656
3558,286.19512939453125
3559,291.3570556640625
3560,293.1221618652344
3561,313.0679016113281
3562,251.4711151123047
3563,399.9931640625
3564,404.7872314453125
3565,354.2441101074219
3566,286.8866882324219
3567,421.310302734375
3568,225.09156799316406
3569,405.44091796875
3570,357.8242492675781
3571,326.7957458496094
3572,320.29608154296875
3573,390.0868225097656
3574,410.6587829589844
3575,383.2547607421875
3576,407.83685302734375
3577,273.0087890625
3578,372.5307312011719
3579,362.3386535644531
3580,260.3804626464844
3581,253.58795166015625
3582,404.4999694824219
3583,372.99725341796875
3584,390.3612060546875
3585,303.83184814453125
3586,350.43145751953125
3587,270.2441711425781
3588,337.87109375
3589,319.9750671386719
3590,400.869873046875
3591,377.93475341796875
3592,300.91412353515625
3593,391.74774169921875
3594,325.0427551269531
3595,366.77154541015625
3596,440.39593505859375
3597,311.6167907714844
3598,442.2978210449219
3599,355.97564697265625
3600,437.7862548828125
3601,413.7794189453125
3602,370.9880676269531
3603,229.51707458496094
3604,304.5125427246094
3605,365.181396484375
3606,410.78668212890625
3607,260.56536865234375
3608,253.7547607421875
3609,341.2476806640625
3610,243.0072479248047
3611,427.22705078125
3612,307.6255187988281
3613,344.8888244628906
3614,326.5281982421875
3615,364.0474853515625
3616,421.538818359375
3617,247.9792022705078
3618,317.3133239746094
3619,344.5921325683594
3620,323.7041931152344
3621,344.0974426269531
3622,385.51861572265625
3623,380.33404541015625
3624,318.144287109375
3625,359.5502014160156
3626,395.3816833496094
3627,381.9800720214844
3628,316.74896240234375
3629,347.5895690917969
3630,331.693359375
3631,303.3609619140625
3632,258.87078857421875
3633,391.9031677246094
3634,349.6850280761719
3635,302.7423400878906
3636,364.1285095214844
3637,411.7174377441406
3638,318.740234375
3639,339.4619140625
3640,144.4230499267578
3641,422.7108154296875
3642,348.75311279296875
3643,369.32489013671875
3644,367.182861328125
3645,353.2729797363281
3646,394.6932373046875
3647,407.1241455078125
3648,317.6424255371094
3649,325.45233154296875
3650,312.034912109375
3651,307.12078857421875
3652,382.636474609375
3653,285.2500915527344
3654,407.15106201171875
3655,323.53497314453125
3656,231.30807495117188
3657,350.7305603027344
3658,109.02115631103516
3659,284.5166015625
3660,379.53009033203125
3661,380.246826171875
3662,382.6468200683594
3663,264.5903625488281
3664,254.72540283203125
3665,293.2997131347656
3666,379.2317810058594
3667,313.08111572265625
3668,324.5386657714844
3669,246.25543212890625
3670,348.3459777832031
3671,332.5953674316406
3672,404.1712341308594
3673,430.5948791503906
3674,373.32122802734375
3675,269.8023376464844
3676,383.14544677734375
3677,278.0425109863281
3678,343.1050720214844
3679,368.34564208984375
3680,275.2402648925781
3681,297.2633056640625
3682,389.5877380371094
3683,347.2436828613281
3684,243.97634887695312
3685,361.8072204589844
3686,352.0611267089844
3687,409.7808837890625
3688,359.163330078125
3689,194.532958984375
3690,306.6822204589844
3691,356.65179443359375
3692,316.10595703125
3693,399.9494323730469
3694,337.9815673828125
3695,280.21221923828125
3696,312.2692565917969
3697,292.1384582519531
3698,377.864990234375
3699,363.6726379394531
3700,286.4638366699219
3701,304.5535583496094
3702,363.6576843261719
3703,400.726806640625
3704,344.06109619140625
3705,227.37472534179688
3706,311.433349609375
3707,329.26873779296875
3708,370.22430419921875
3709,350.3070068359375
3710,356.65594482421875
3711,395.23040771484375
3712,398.3282775878906
3713,419.64031982421875
3714,397.4165954589844
3715,244.41177368164062
3716,240.0724334716797
3717,377.4583435058594
3718,354.0267639160156
3719,303.5315856933594
3720,389.4179382324219
3721,386.94317626953125
3722,353.94000244140625
3723,404.7467956542969
3724,389.47955322265625
3725,384.3648681640625
3726,260.94390869140625
3727,359.8712158203125
3728,353.3466796875
3729,293.8736877441406
3730,382.1575622558594
3731,400.157470703125
3732,322.9737854003906
3733,309.64105224609375
3734,207.70176696777344
3735,416.89996337890625
3736,393.1975402832031
3737,247.93605041503906
3738,315.45379638671875
3739,302.3736572265625
3740,361.83380126953125
3741,290.881591796875
3742,316.7708740234375
3743,393.0188293457031
3744,387.9867248535156
3745,334.9603271484375
3746,412.24114990234375
3747,340.1710510253906
3748,278.8980712890625
3749,363.8823547363281
3750,403.75634765625
3751,270.1976013183594
3752,386.6695556640625
3753,406.2299499511719
3754,334.1633605957031
3755,326.4259338378906
3756,208.27407836914062
3757,252.66900634765625
3758,340.4721374511719
3759,361.1534118652344
3760,309.65118408203125
3761,293.2986755371094
3762,398.0895690917969
3763,439.2369079589844
3764,385.2400817871094
3765,402.4287414550781
3766,389.7230224609375
3767,399.8048095703125
3768,329.21051025390625
3769,377.79229736328125
3770,299.6792297363281
3771,390.2733154296875
3772,381.3129577636719
3773,382.16424560546875
3774,357.40338134765625
3775,366.08538818359375
3776,369.7976379394531
3777,256.4176330566406
3778,396.1662902832031
3779,415.5866394042969
3780,365.516845703125
3781,294.2277526855469
3782,318.19873046875
3783,387.11346435546875
3784,398.8538818359375
3785,339.34576416015625
3786,377.7394104003906
3787,377.58270263671875
3788,380.0070495605469
3789,256.6639099121094
3790,342.5560302734375
3791,278.2719421386719
3792,346.41705322265625
3793,412.83770751953125
3794,380.526611328125
3795,334.96881103515625
3796,372.2504577636719
3797,399.8799743652344
3798,304.9190673828125
3799,350.1495056152344
3800,370.24072265625
3801,367.7860107421875
3802,284.5146484375
3803,417.7738342285156
3804,293.8879089355469
3805,343.21661376953125
3806,267.8311767578125
3807,264.1925354003906
3808,326.96044921875
3809,335.750732421875
3810,390.10443115234375
3811,410.8155822753906
3812,318.4980773925781
3813,330.5074462890625
3814,182.30230712890625
3815,326.470458984375
3816,397.00482177734375
3817,279.5995178222656
3818,373.41192626953125
3819,315.6412658691406
3820,22.2816104888916
3821,274.1968078613281
3822,412.3753356933594
3823,369.2975158691406
3824,368.1822509765625
3825,384.0262756347656
3826,241.723388671875
3827,167.12937927246094
3828,362.68267822265625
3829,367.0001525878906
3830,309.9996643066406
3831,365.462646484375
3832,380.8874206542969
3833,345.3901062011719
3834,298.1211242675781
3835,290.850830078125
3836,293.8544921875
3837,354.4779052734375
3838,377.4005126953125
3839,348.82940673828125
3840,286.23699951171875
3841,331.2762451171875
3842,318.8385925292969
3843,363.07940673828125
3844,283.19061279296875
3845,363.09808349609375
3846,317.35711669921875
3847,335.5960388183594
3848,388.6575012207031
3849,395.8629455566406
3850,420.13641357421875
3851,384.60772705078125
3852,372.2709045410156
3853,348.6116943359375
3854,353.1413879394531
3855,362.71356201171875
3856,398.5513000488281
3857,388.1890563964844
3858,391.6671447753906
3859,370.48736572265625
3860,386.42547607421875
3861,381.4860534667969
3862,406.49456787109375
3863,388.3709716796875
3864,358.73284912109375
3865,373.3429260253906
3866,359.1590270996094
3867,313.2817077636719
3868,336.20111083984375
3869,262.76397705078125
3870,306.4487609863281
3871,409.50390625
3872,297.9595947265625
3873,373.8255310058594
3874,377.86651611328125
3875,332.65087890625
3876,262.64898681640625
3877,413.61590576171875
3878,414.19903564453125
3879,329.0989074707031
3880,380.2814025878906
3881,379.2763977050781
3882,352.0708312988281
3883,365.2055358886719
3884,381.42742919921875
3885,333.84112548828125
3886,419.0513610839844
3887,368.14593505859375
3888,368.4569091796875
3889,390.0389099121094
3890,341.80621337890625
3891,319.2623596191406
3892,366.24298095703125
3893,324.2249450683594
3894,400.2451477050781
3895,244.24830627441406
3896,381.1055908203125
3897,282.0463562011719
3898,282.79296875
3899,381.1547546386719
3900,338.2402038574219
3901,361.3536682128906
3902,421.4206848144531
3903,328.6310119628906
3904,249.23675537109375
3905,407.95184326171875
3906,258.4837341308594
3907,377.611083984375
3908,384.3008117675781
3909,391.3797302246094
3910,417.5549011230469
3911,339.7418518066406
3912,394.66046142578125
3913,366.67840576171875
3914,350.3724060058594
3915,335.6205139160156
3916,364.8388977050781
3917,364.8350524902344
3918,402.3885803222656
3919,359.7540588378906
3920,394.99090576171875
3921,393.6647644042969
3922,386.1800231933594
3923,386.8276672363281
3924,357.76031494140625
3925,248.73756408691406
3926,353.9142150878906
3927,373.437255859375
3928,368.5295104980469
3929,264.1081237792969
3930,322.92279052734375
3931,261.85430908203125
3932,176.124755859375
3933,288.2673034667969
3934,274.088134765625
3935,252.61373901367188
3936,387.12469482421875
3937,425.4289855957031
3938,411.2701416015625
3939,361.848388671875
3940,413.99432373046875
3941,308.77001953125
3942,351.6390075683594
3943,318.88592529296875
3944,68.98658752441406
3945,384.5036926269531
3946,381.2484130859375
3947,371.0126953125
3948,365.8023376464844
3949,401.2986145019531
3950,362.76251220703125
3951,301.71697998046875
3952,397.82684326171875
3953,272.7187805175781
3954,345.8878479003906
3955,298.2708740234375
3956,392.8185119628906
3957,381.3544006347656
3958,228.37168884277344
3959,168.08396911621094
3960,338.92706298828125
3961,382.1642150878906
3962,394.1242980957031
3963,348.15240478515625
3964,419.24713134765625
3965,331.0193176269531
3966,429.6654052734375
3967,375.3208923339844
3968,328.1676025390625
3969,289.5915222167969
3970,402.21331787109375
3971,339.39849853515625
3972,405.30523681640625
3973,391.48309326171875
3974,391.63616943359375
3975,371.00634765625
3976,423.5887451171875
3977,434.7963562011719
3978,307.6313171386719
3979,345.5019836425781
3980,385.0774230957031
3981,350.3553466796875
3982,356.2134094238281
3983,384.7987976074219
3984,395.2725830078125
3985,337.4154357910156
3986,387.3623962402344
3987,384.3502197265625
3988,324.0982360839844
3989,199.60060119628906
3990,355.9927673339844
3991,313.2679443359375
3992,335.29705810546875
3993,407.280029296875
3994,254.7593994140625
3995,413.8620910644531
3996,332.3531799316406
3997,294.5018005371094
3998,360.1436767578125
3999,409.7159118652344
4000,366.29522705078125
4001,361.29168701171875
4002,369.95623779296875
4003,365.76416015625
4004,398.50079345703125
4005,352.6607360839844
4006,366.9720458984375
4007,381.4667663574219
4008,323.2428283691406
4009,328.01177978515625
4010,214.98782348632812
4011,300.5348205566406
4012,367.627685546875
4013,369.6622314453125
4014,385.3080139160156
4015,327.94635009765625
4016,440.1666259765625
4017,367.6049499511719
4018,428.2797546386719
4019,329.0752868652344
4020,354.9888610839844
4021,399.66546630859375
4022,264.3948059082031
4023,379.86907958984375
4024,391.5637512207031
4025,366.2187194824219
4026,389.9521179199219
4027,380.404296875
4028,370.1622619628906
4029,407.7395324707031
4030,389.6133117675781
4031,358.0618896484375
4032,397.1495056152344
4033,258.0012512207031
4034,415.9278564453125
4035,388.32952880859375
4036,363.4090270996094
4037,439.19561767578125
4038,441.96173095703125
4039,244.8592071533203
4040,384.99359130859375
4041,415.6261291503906
4042,392.46282958984375
4043,413.59173583984375
4044,344.5169982910156
4045,406.81024169921875
4046,339.91595458984375
4047,406.20147705078125
4048,401.1803283691406
4049,412.90350341796875
4050,400.0733947753906
4051,396.0621337890625
4052,358.7891845703125
4053,376.8815002441406
4054,360.7171936035156
4055,428.8180236816406
4056,397.3321228027344
4057,325.2149658203125
4058,356.51788330078125
4059,426.19976806640625
4060,378.4698486328125
4061,403.0611877441406
4062,267.7128601074219
4063,399.4776306152344
4064,334.2789306640625
4065,354.2748718261719
4066,382.1099548339844
4067,359.01092529296875
4068,419.5423583984375
4069,329.3435363769531
4070,402.2115478515625
4071,441.64385986328125
4072,333.4604187011719
4073,415.5345764160156
4074,350.2705993652344
4075,396.6419372558594
4076,400.4920654296875
4077,409.48681640625
4078,376.87432861328125
4079,353.50872802734375
4080,366.5219421386719
4081,307.0761413574219
4082,319.4498291015625
4083,384.9170227050781
4084,282.8388977050781
4085,293.3125305175781
4086,378.1197814941406
4087,330.5140380859375
4088,274.2183532714844
4089,360.9730529785156
4090,374.54522705078125
4091,377.4595947265625
4092,420.60479736328125
4093,352.69024658203125
4094,362.90582275390625
4095,389.7255554199219
4096,416.4326477050781
4097,297.43255615234375
4098,400.0303955078125
4099,412.41064453125
4100,389.8416748046875
4101,367.26446533203125
4102,371.853759765625
4103,329.9991149902344
4104,404.2133483886719
4105,407.3711242675781
4106,443.4533996582031
4107,372.5987243652344
4108,363.35894775390625
4109,399.1559753417969
4110,389.2137756347656
4111,324.5437927246094
4112,414.9653015136719
4113,392.8203125
4114,374.5540466308594
4115,442.3385009765625
4116,354.374267578125
4117,315.70281982421875
4118,338.48126220703125
4119,399.9230651855469
4120,379.3320617675781
4121,397.78228759765625
4122,389.12310791015625
4123,348.0106506347656
4124,388.758056640625
4125,340.3876953125
4126,430.3372802734375
4127,354.0452880859375
4128,392.7159423828125
4129,391.4595642089844
4130,382.9935607910156
4131,400.5662536621094
4132,375.28875732421875
4133,390.47894287109375
4134,329.0556335449219
4135,423.85284423828125
4136,404.3376159667969
4137,294.3312683105469
4138,399.561279296875
4139,391.0574645996094
4140,432.6310729980469
4141,378.662353515625
4142,387.09710693359375
4143,381.9960021972656
4144,417.9080810546875
4145,341.8080139160156
4146,383.1541748046875
4147,429.8103942871094
4148,409.6558532714844
4149,407.23876953125
4150,405.787353515625
4151,382.731689453125
4152,376.580078125
4153,410.015869140625
4154,346.4562683105469
4155,219.85983276367188
4156,393.0296936035156
4157,342.4569396972656
4158,376.6283264160156
4159,442.1285705566406
4160,397.6789245605469
4161,344.35919189453125
4162,412.4898376464844
4163,442.91668701171875
4164,361.0286865234375
4165,367.6442565917969
4166,349.14825439453125
4167,281.1306457519531
4168,326.3799743652344
4169,407.45343017578125
4170,392.49676513671875
4171,372.38995361328125
4172,329.83941650390625
4173,399.043701171875
4174,327.4482116699219
4175,387.4479675292969
4176,386.86297607421875
4177,435.62353515625
4178,429.441650390625
4179,330.9665832519531
4180,372.7685241699219
4181,387.05450439453125
4182,393.2503967285156
4183,383.3549499511719
4184,369.9146728515625
4185,365.3139343261719
4186,330.30242919921875
4187,400.52423095703125
4188,375.8940124511719
4189,433.6942443847656
4190,376.44317626953125
4191,379.103271484375
4192,364.8804016113281
4193,407.5033874511719
4194,311.5692138671875
4195,266.6639099121094
4196,418.3309631347656
4197,391.320556640625
4198,342.6871032714844
4199,328.7138366699219
4200,392.9686279296875
4201,401.14947509765625
4202,345.7944030761719
4203,420.9068603515625
4204,357.4068908691406
4205,355.6782531738281
4206,428.3608703613281
4207,350.7845153808594
4208,433.949462890625
4209,367.091552734375
4210,427.9063415527344
4211,417.6331787109375
4212,361.500244140625
4213,386.38153076171875
4214,327.64849853515625
4215,413.71240234375
4216,325.35736083984375
4217,368.3575134277344
4218,358.786865234375
4219,417.60626220703125
4220,370.7884521484375
4221,284.2983703613281
4222,409.4723205566406
4223,232.42091369628906
4224,406.8620910644531
4225,243.45187377929688
4226,341.6731872558594
4227,323.237060546875
4228,377.2679138183594
4229,426.4431457519531
4230,320.705078125
4231,380.27777099609375
4232,367.0451965332031
4233,409.7433166503906
4234,385.31396484375
4235,414.6595458984375
4236,420.59002685546875
4237,333.69830322265625
4238,413.0185852050781
4239,378.4986572265625
4240,352.11431884765625
4241,376.2684326171875
4242,424.9181213378906
4243,393.18212890625
4244,336.6265563964844
4245,323.9242248535156
4246,359.61407470703125
4247,378.33258056640625
4248,364.81671142578125
4249,367.6634521484375
4250,367.0941162109375
4251,420.5821228027344
4252,397.93804931640625
4253,288.8626708984375
4254,404.6854553222656
4255,378.6634216308594
4256,326.51226806640625
4257,386.9172058105469
4258,363.30389404296875
4259,351.0387878417969
4260,402.2474365234375
4261,430.5892028808594
4262,396.40509033203125
4263,376.2915344238281
4264,428.204345703125
4265,415.17919921875
4266,415.4166564941406
4267,404.50732421875
4268,438.5141296386719
4269,367.39984130859375
4270,386.8482666015625
4271,446.02880859375
4272,392.23944091796875
4273,324.5577087402344
4274,389.9319763183594
4275,375.4647216796875
4276,340.4554443359375
4277,370.2081604003906
4278,339.96240234375
4279,410.01898193359375
4280,403.20416259765625
4281,419.2452087402344
4282,361.7895812988281
4283,387.8725891113281
4284,387.31396484375
4285,401.8996887207031
4286,349.1563720703125
4287,418.78363037109375
4288,328.6602478027344
4289,363.5486145019531
4290,420.9226379394531
4291,351.1690979003906
4292,399.76898193359375
4293,410.0522155761719
4294,395.8288269042969
4295,416.14276123046875
4296,412.0564270019531
4297,328.47344970703125
4298,370.1013488769531
4299,374.2576599121094
4300,428.08404541015625
4301,389.1001892089844
4302,406.898681640625
4303,398.6785583496094
4304,384.4220275878906
4305,389.1460266113281
4306,413.6723937988281
4307,364.9059143066406
4308,377.08721923828125
4309,346.62774658203125
4310,384.30792236328125
4311,407.6940002441406
4312,424.5191955566406
4313,399.1806335449219
4314,364.4526672363281
4315,350.16131591796875
4316,389.50531005859375
4317,335.3395080566406
4318,389.90948486328125
4319,340.4941711425781
4320,383.2869873046875
4321,393.7386474609375
4322,404.7192687988281
4323,383.7123718261719
4324,303.3750915527344
4325,387.76385498046875
4326,372.7205810546875
4327,354.2330017089844
4328,409.96868896484375
4329,366.943359375
4330,392.4839172363281
4331,415.3451232910156
4332,365.0505065917969
4333,414.9608154296875
4334,290.6528625488281
4335,341.56976318359375
4336,388.9990234375
4337,379.01751708984375
4338,383.0179443359375
4339,420.2309875488281
4340,329.4517517089844
4341,365.71942138671875
4342,434.3811950683594
4343,316.4426574707031
4344,366.9703674316406
4345,329.0985107421875
4346,417.9754638671875
4347,405.91424560546875
4348,413.3795471191406
4349,261.3960266113281
4350,394.9581298828125
4351,381.5883483886719
4352,351.1025390625
4353,381.2910461425781
4354,299.6978759765625
4355,297.6051025390625
4356,426.9112854003906
4357,385.7926940917969
4358,372.6446228027344
4359,299.5559997558594
4360,426.3483581542969
4361,422.2379455566406
4362,357.0647277832031
4363,397.4796142578125
4364,369.79986572265625
4365,422.5572204589844
4366,377.734130859375
4367,359.8662109375
4368,431.04180908203125
4369,411.54986572265625
4370,361.5685729980469
4371,429.06121826171875
4372,369.0592041015625
4373,377.1693115234375
4374,404.32330322265625
4375,415.94390869140625
4376,409.74853515625
4377,348.3614501953125
4378,402.93011474609375
4379,399.7091064453125
4380,354.2406921386719
4381,407.68829345703125
4382,425.9913024902344
4383,193.9683380126953
4384,269.5907897949219
4385,378.5960388183594
4386,356.5766296386719
4387,364.87603759765625
4388,323.97509765625
4389,370.693359375
4390,330.5502014160156
4391,414.1588439941406
4392,397.332763671875
4393,325.94659423828125
4394,306.9660339355469
4395,358.67010498046875
4396,397.3534240722656
4397,315.8459167480469
4398,308.0162353515625
4399,392.49005126953125
4400,361.9561462402344
4401,266.7778625488281
4402,384.3154602050781
4403,369.1876220703125
4404,401.5853576660156
4405,359.8243713378906
4406,322.0179748535156
4407,273.90997314453125
4408,402.2018737792969
4409,351.32696533203125
4410,378.8903503417969
4411,265.5638122558594
4412,304.6402893066406
4413,366.55413818359375
4414,294.4866638183594
4415,408.7186584472656
4416,280.1779479980469
4417,382.27313232421875
4418,393.3797302246094
4419,338.4602966308594
4420,371.17486572265625
4421,363.59234619140625
4422,271.94036865234375
4423,408.2748107910156
4424,348.76593017578125
4425,358.87860107421875
4426,409.5580749511719
4427,385.49017333984375
4428,331.89678955078125
4429,334.79541015625
4430,382.3772888183594
4431,303.9847106933594
4432,427.0341491699219
4433,428.873779296875
4434,395.8250427246094
4435,358.18890380859375
4436,391.5424499511719
4437,372.4683837890625
4438,372.20989990234375
4439,407.237548828125
4440,280.82672119140625
4441,386.9634094238281
4442,401.2816467285156
4443,381.2592468261719
4444,431.7484436035156
4445,371.2460632324219
4446,379.82666015625
4447,375.0673828125
4448,391.0201110839844
4449,414.3734436035156
4450,370.4530029296875
4451,405.2317199707031
4452,356.87939453125
4453,369.9339599609375
4454,291.7132568359375
4455,342.3222961425781
4456,401.7606506347656
4457,359.9920654296875
4458,364.328369140625
4459,327.958740234375
4460,389.30279541015625
4461,370.51397705078125
4462,422.9442138671875
4463,310.54779052734375
4464,406.599365234375
4465,401.63958740234375
4466,376.1772766113281
4467,391.3810729980469
4468,385.4205322265625
4469,394.263916015625
4470,415.8798828125
4471,310.3396911621094
4472,381.5624084472656
4473,378.3941955566406
4474,360.880859375
4475,417.91845703125
4476,328.062255859375
4477,353.6944580078125
4478,386.90045166015625
4479,387.0754699707031
4480,347.13153076171875
4481,390.19073486328125
4482,432.3191223144531
4483,373.3985595703125
4484,365.2074279785156
4485,370.7915954589844
4486,395.5575866699219
4487,405.3156433105469
4488,348.2995300292969
4489,381.0656433105469
4490,401.7787780761719
4491,355.46282958984375
4492,373.0108947753906
4493,397.348388671875
4494,415.61151123046875
4495,389.3645324707031
4496,395.7876281738281
4497,343.78973388671875
4498,361.4705505371094
4499,420.0133361816406
4500,366.81585693359375
4501,392.4785461425781
4502,356.9070739746094
4503,378.59014892578125
4504,425.74578857421875
4505,373.3693542480469
4506,359.08135986328125
4507,407.3216857910156
4508,382.0683898925781
4509,375.6704406738281
4510,319.359375
4511,427.1462707519531
4512,431.405029296875
4513,375.99774169921875
4514,404.9422912597656
4515,407.60235595703125
4516,392.0765075683594
4517,422.3851623535156
4518,381.889892578125
4519,256.70599365234375
4520,407.064453125
4521,308.9838562011719
4522,372.6380615234375
4523,414.0333557128906
4524,422.3575744628906
4525,339.6563415527344
4526,370.36712646484375
4527,346.780029296875
4528,324.9275207519531
4529,410.4043884277344
4530,390.838623046875
4531,342.4707336425781
4532,341.0107727050781
4533,402.1927795410156
4534,390.0756530761719
4535,365.2574157714844
4536,402.40185546875
4537,352.03466796875
4538,399.71331787109375
4539,364.4000549316406
4540,401.24981689453125
4541,363.6157531738281
4542,405.0387878417969
4543,416.7832946777344
4544,395.2318420410156
4545,360.4779357910156
4546,376.6396179199219
4547,363.3820495605469
4548,442.2601318359375
4549,396.5184326171875
4550,398.8854064941406
4551,420.9916076660156
4552,402.05902099609375
4553,430.47869873046875
4554,426.0563049316406
4555,403.97821044921875
4556,406.6722717285156
4557,368.28302001953125
4558,415.4488525390625
4559,357.02972412109375
4560,389.3992004394531
4561,355.0501403808594
4562,405.2038269042969
4563,352.4986267089844
4564,395.3076171875
4565,376.27642822265625
4566,417.0986328125
4567,434.22198486328125
4568,328.60955810546875
4569,385.6702575683594
4570,429.4716491699219
4571,416.39141845703125
4572,388.7361755371094
4573,415.25909423828125
4574,381.7157287597656
4575,374.24444580078125
4576,324.45062255859375
4577,380.537353515625
4578,421.28668212890625
4579,370.2259826660156
4580,384.2596740722656
4581,391.6601257324219
4582,393.3935852050781
4583,397.5391845703125
4584,437.7461853027344
4585,421.1707458496094
4586,419.08538818359375
4587,406.425537109375
4588,427.2572021484375
4589,368.0325622558594
4590,417.04168701171875
4591,396.5151672363281
4592,328.8636169433594
4593,371.76123046875
4594,433.6526794433594
4595,384.2456970214844
4596,417.97607421875
4597,354.62213134765625
4598,416.5621032714844
4599,421.18389892578125
4600,411.839599609375
4601,349.1417236328125
4602,336.0910339355469
4603,384.1497497558594
4604,390.8324279785156
4605,411.52301025390625
4606,373.5526428222656
4607,314.7737121582031
4608,349.0982971191406
4609,400.64141845703125
4610,405.5395812988281
4611,397.01806640625
4612,349.3993835449219
4613,399.18023681640625
4614,360.8473205566406
4615,355.8706970214844
4616,409.0601806640625
4617,349.1879577636719
4618,373.6544494628906
4619,344.4728088378906
4620,415.628662109375
4621,399.59002685546875
4622,350.5491943359375
4623,367.4604797363281
4624,398.1224060058594
4625,404.3046875
4626,353.2369689941406
4627,378.9328308105469
4628,369.3514709472656
4629,422.06488037109375
4630,353.09417724609375
4631,356.2745666503906
4632,396.9733581542969
4633,376.0013732910156
4634,368.9803161621094
4635,409.7202453613281
4636,440.0664978027344
4637,411.5841369628906
4638,406.73095703125
4639,400.8962707519531
4640,424.60797119140625
4641,349.12335205078125
4642,410.4204406738281
4643,338.80999755859375
4644,334.7635192871094
4645,362.80462646484375
4646,355.61370849609375
4647,382.74365234375
4648,365.16290283203125
4649,313.8083801269531
4650,403.00006103515625
4651,308.6366882324219
4652,400.512939453125
4653,355.60015869140625
4654,337.8697814941406
4655,423.3702697753906
4656,421.8241271972656
4657,398.460205078125
4658,399.0252990722656
4659,429.3361511230469
4660,430.42034912109375
4661,397.43463134765625
4662,371.0802917480469
4663,416.7643737792969
4664,382.337646484375
4665,416.5959167480469
4666,406.8153381347656
4667,389.1006164550781
4668,343.84112548828125
4669,359.6690673828125
4670,408.5750427246094
4671,335.0316162109375
4672,384.28680419921875
4673,412.62957763671875
4674,361.42535400390625
4675,376.42047119140625
4676,359.9036560058594
4677,338.5776062011719
4678,381.043701171875
4679,403.7762756347656
4680,362.0670471191406
4681,388.6639709472656
4682,401.2516174316406
4683,393.6743469238281
4684,358.21478271484375
4685,400.1864929199219
4686,380.2426452636719
4687,425.9634704589844
4688,346.9147033691406
4689,427.455078125
4690,316.3757019042969
4691,412.7698669433594
4692,400.6743469238281
4693,354.4861755371094
4694,416.309326171875
4695,337.5765380859375
4696,426.400390625
4697,371.1040954589844
4698,409.9005126953125
4699,388.86083984375
4700,395.8162536621094
4701,331.7607727050781
4702,416.2244567871094
4703,396.0211181640625
4704,403.5205078125
4705,406.68768310546875
4706,401.73486328125
4707,368.4037170410156
4708,304.80078125
4709,381.3775329589844
4710,379.35980224609375
4711,423.22686767578125
4712,392.4060363769531
4713,374.4326171875
4714,408.35174560546875
4715,345.3555908203125
4716,377.8343505859375
4717,384.23089599609375
4718,402.7698974609375
4719,313.89501953125
4720,392.572998046875
4721,329.97412109375
4722,377.65875244140625
4723,385.51885986328125
4724,381.2090148925781
4725,362.70477294921875
4726,385.235107421875
4727,355.97003173828125
4728,402.3542175292969
4729,417.7530822753906
4730,362.408203125
4731,423.3697814941406
4732,382.2905578613281
4733,385.6039123535156
4734,373.0787048339844
4735,343.78485107421875
4736,370.0842590332031
4737,332.2151794433594
4738,342.28802490234375
4739,410.6885070800781
4740,390.50537109375
4741,397.2728576660156
4742,382.7876281738281
4743,392.1829833984375
4744,431.7711486816406
4745,366.99810791015625
4746,386.8625793457031
4747,414.9828796386719
4748,395.4964904785156
4749,350.62823486328125
4750,326.406982421875
4751,383.0498352050781
4752,430.4176025390625
4753,323.5603332519531
4754,389.7547302246094
4755,354.8428649902344
4756,362.04791259765625
4757,410.9090270996094
4758,317.9414978027344
4759,372.2965393066406
4760,384.01837158203125
4761,374.1238098144531
4762,390.566650390625
4763,360.3152770996094
4764,383.5914001464844
4765,370.34454345703125
4766,380.84130859375
4767,305.5654296875
4768,379.08642578125
4769,394.0244140625
4770,384.5833435058594
4771,389.7636413574219
4772,402.8050537109375
4773,399.854736328125
4774,384.15362548828125
4775,392.80999755859375
4776,359.9017333984375
4777,378.131591796875
4778,386.95367431640625
4779,414.3341979980469
4780,384.2418518066406
4781,387.9510498046875
4782,325.7646179199219
4783,376.54351806640625
4784,385.86846923828125
4785,315.6120910644531
4786,385.3052062988281
4787,378.71142578125
4788,393.4147644042969
4789,322.49420166015625
4790,344.94635009765625
4791,361.52545166015625
4792,395.92071533203125
4793,337.738525390625
4794,367.3340759277344
4795,427.9584045410156
4796,364.66314697265625
4797,381.5106506347656
4798,370.2388000488281
4799,395.6995849609375
4800,418.3395690917969
4801,361.3580627441406
4802,403.5504150390625
4803,377.7868957519531
4804,379.139892578125
4805,373.3531188964844
4806,347.87774658203125
4807,373.022705078125
4808,363.3805847167969
4809,351.70623779296875
4810,399.9221496582031
4811,366.5926818847656
4812,399.1321716308594
4813,324.158935546875
4814,392.6402282714844
4815,425.69024658203125
4816,411.6531982421875
4817,406.4803466796875
4818,398.4261169433594
4819,392.9812927246094
4820,401.61260986328125
4821,344.6534423828125
4822,387.4806823730469
4823,431.4191589355469
4824,391.70916748046875
4825,403.61639404296875
4826,409.44580078125
4827,395.5340270996094
4828,405.3738708496094
4829,410.51788330078125
4830,408.8585205078125
4831,335.6619873046875
4832,351.4289245605469
4833,363.29486083984375
4834,349.5802001953125
4835,393.0431213378906
4836,388.0286865234375
4837,358.6921691894531
4838,379.7599792480469
4839,413.11163330078125
4840,364.4693298339844
4841,378.1197204589844
4842,370.2496643066406
4843,267.5152893066406
4844,336.3455505371094
4845,399.5073547363281
4846,415.7237854003906
4847,419.7229919433594
4848,411.5702209472656
4849,418.46026611328125
4850,406.3293762207031
4851,423.6559753417969
4852,399.5841064453125
4853,383.0716247558594
4854,411.0930480957031
4855,402.1893005371094
4856,313.5210266113281
4857,330.2497253417969
4858,421.99664306640625
4859,392.0438537597656
4860,380.56195068359375
4861,426.23614501953125
4862,431.1493225097656
4863,382.5582580566406
4864,297.5570373535156
4865,347.0306701660156
4866,326.1012268066406
4867,379.3438415527344
4868,352.0411376953125
4869,380.2731628417969
4870,366.7691955566406
4871,422.4756164550781
4872,411.45391845703125
4873,394.04931640625
4874,373.830322265625
4875,384.31573486328125
4876,386.73919677734375
4877,391.7810974121094
4878,332.1697998046875
4879,403.8863525390625
4880,199.52835083007812
4881,339.3916015625
4882,380.4332275390625
4883,376.61669921875
4884,249.90072631835938
4885,317.3486633300781
4886,223.11215209960938
4887,216.3494110107422
4888,378.029541015625
4889,305.9237365722656
4890,215.9160919189453
4891,305.1124572753906
4892,214.73324584960938
4893,278.2086181640625
4894,412.9532775878906
4895,356.20672607421875
4896,297.85760498046875
4897,434.59686279296875
4898,364.8163757324219
4899,388.7044982910156
4900,340.0669860839844
4901,389.1944885253906
4902,359.53302001953125
4903,436.3053283691406
4904,398.6437072753906
4905,390.5008544921875
4906,402.8159484863281
4907,411.3879089355469
4908,322.99346923828125
4909,412.0741882324219
4910,426.3548583984375
4911,424.5253601074219
4912,369.1151428222656
4913,439.12530517578125
4914,293.052490234375
4915,397.08526611328125
4916,436.5550842285156
4917,398.5908203125
4918,342.2232360839844
4919,364.30181884765625
4920,417.46435546875
4921,403.9429626464844
4922,350.3144226074219
4923,373.1822814941406
4924,381.7442626953125
4925,424.0816955566406
4926,363.5709533691406
4927,412.83233642578125
4928,384.5122985839844
4929,354.0478515625
4930,404.4203796386719
4931,419.53851318359375
4932,413.7997741699219
4933,388.9104919433594
4934,411.4106750488281
4935,418.0135803222656
4936,345.9688720703125
4937,284.0787658691406
4938,410.4228515625
4939,369.65985107421875
4940,412.1440734863281
4941,402.3728332519531
4942,404.5015563964844
4943,356.6705322265625
4944,399.06842041015625
4945,423.3824157714844
4946,434.312744140625
4947,408.7590026855469
4948,395.9566345214844
4949,368.3465576171875
4950,413.5781555175781
4951,387.786376953125
4952,342.8159484863281
4953,427.2315673828125
4954,405.1708679199219
4955,357.8396911621094
4956,405.82843017578125
4957,388.6794128417969
4958,413.0621337890625
4959,434.4671630859375
4960,416.65643310546875
4961,413.2617492675781
4962,423.356201171875
4963,418.23199462890625
4964,397.1375732421875
4965,350.3605651855469
4966,374.9580383300781
4967,399.8779602050781
4968,413.6053466796875
4969,418.95843505859375
4970,424.1524963378906
4971,413.3113708496094
4972,430.93072509765625
4973,439.576416015625
4974,421.3167419433594
4975,311.5989074707031
4976,420.5915222167969
4977,411.97216796875
4978,411.9642333984375
4979,367.9111022949219
4980,394.3646545410156
4981,418.6911926269531
4982,408.2691345214844
4983,414.30218505859375
4984,355.734619140625
4985,407.4790344238281
4986,407.7628173828125
4987,312.00634765625
4988,351.8282775878906
4989,394.50457763671875
4990,404.4186096191406
4991,382.82757568359375
4992,424.0639343261719
4993,397.61358642578125
4994,339.9103088378906
4995,412.63134765625
4996,382.2713623046875
4997,387.1265869140625
4998,366.3659973144531
4999,377.2159118652344
5000,417.6217346191406
5001,419.8313293457031
5002,433.5598449707031
5003,388.2620849609375
5004,394.74237060546875
5005,438.8227233886719
5006,403.7411804199219
5007,415.74505615234375
5008,355.16876220703125
5009,327.5846862792969
5010,435.60858154296875
5011,382.63201904296875
5012,363.23846435546875
5013,334.9814453125
5014,397.1976623535156
5015,389.0079040527344
5016,428.29510498046875
5017,344.0989685058594
5018,398.5791931152344
5019,434.0503845214844
5020,424.3050537109375
5021,407.6304931640625
5022,395.3609924316406
5023,408.2312316894531
5024,382.4270324707031
5025,346.0695495605469
5026,400.8254089355469
5027,444.3998718261719
5028,390.80364990234375
5029,384.29351806640625
5030,418.855712890625
5031,390.8369140625
5032,410.20452880859375
5033,387.8919372558594
5034,412.45745849609375
5035,375.17095947265625
5036,401.7175598144531
5037,395.07891845703125
5038,432.5177307128906
5039,359.1639404296875
5040,408.0274658203125
5041,279.6632995605469
5042,406.4559020996094
5043,438.7147216796875
5044,392.26953125
5045,356.24139404296875
5046,407.0740661621094
5047,372.2737121582031
5048,415.20941162109375
5049,347.77642822265625
5050,380.743408203125
5051,406.6224060058594
5052,382.40960693359375
5053,418.4405212402344
5054,365.20928955078125
5055,436.29376220703125
5056,399.3375549316406
5057,418.7765197753906
5058,384.660888671875
5059,448.64642333984375
5060,330.1279296875
5061,276.2432556152344
5062,405.4705505371094
5063,396.0227355957031
5064,407.8667297363281
5065,414.1357116699219
5066,183.1535186767578
5067,410.9029846191406
5068,345.7609558105469
5069,363.0323181152344
5070,364.8650207519531
5071,405.4812927246094
5072,339.9647216796875
5073,408.8967590332031
5074,390.4259948730469
5075,350.8531188964844
5076,343.806640625
5077,380.09423828125
5078,409.5651550292969
5079,337.5755310058594
5080,344.9607238769531
5081,400.16436767578125
5082,408.8519592285156
5083,409.2852478027344
5084,407.1770324707031
5085,399.23223876953125
5086,409.87890625
5087,353.1560363769531
5088,384.12213134765625
5089,377.55255126953125
5090,397.44122314453125
5091,383.04144287109375
5092,388.23541259765625
5093,302.38018798828125
5094,372.74658203125
5095,402.9349670410156
5096,367.1515808105469
5097,382.4035339355469
5098,430.55487060546875
5099,397.5462646484375
5100,404.805908203125
5101,341.8255615234375
5102,422.83428955078125
5103,414.62750244140625
5104,414.27520751953125
5105,416.05224609375
5106,404.3595886230469
5107,408.4820556640625
5108,391.6331787109375
5109,347.53729248046875
5110,341.10614013671875
5111,411.79241943359375
5112,428.0265197753906
5113,371.958740234375
5114,371.17095947265625
5115,294.3659973144531
5116,399.5176086425781
5117,420.731201171875
5118,398.0860290527344
5119,384.5743408203125
5120,403.9817810058594
5121,412.0421142578125
5122,383.6930847167969
5123,327.72698974609375
5124,345.257080078125
5125,372.6107482910156
5126,396.2539367675781
5127,408.1546936035156
5128,355.8492431640625
5129,422.9399719238281
5130,426.0270690917969
5131,408.17724609375
5132,414.7699890136719
5133,393.4913635253906
5134,433.44012451171875
5135,404.0804748535156
5136,391.659912109375
5137,420.6545715332031
5138,403.82403564453125
5139,404.7583923339844
5140,402.03485107421875
5141,396.50262451171875
5142,364.63720703125
5143,420.4571228027344
5144,387.27001953125
5145,406.823486328125
5146,372.9176025390625
5147,408.5863952636719
5148,359.2832946777344
5149,363.2438049316406
5150,354.4321594238281
5151,368.8172912597656
5152,311.70166015625
5153,387.95709228515625
5154,304.6497802734375
5155,390.4987487792969
5156,426.7758483886719
5157,435.6404113769531
5158,381.268310546875
5159,408.73193359375
5160,437.3874816894531
5161,422.5246887207031
5162,425.0321044921875
5163,395.1644287109375
5164,363.77880859375
5165,382.6356201171875
5166,385.96881103515625
5167,423.4185791015625
5168,425.9286193847656
5169,433.76849365234375
5170,433.25494384765625
5171,334.35357666015625
5172,345.55206298828125
5173,369.88482666015625
5174,373.7447204589844
5175,401.5552673339844
5176,350.19317626953125
5177,364.0502624511719
5178,420.7424621582031
5179,405.1197204589844
5180,323.6515808105469
5181,351.23773193359375
5182,429.6249084472656
5183,382.27984619140625
5184,398.56475830078125
5185,434.9249572753906
5186,373.13427734375
5187,244.39390563964844
5188,422.7966613769531
5189,192.30813598632812
5190,374.2703552246094
5191,300.5987243652344
5192,448.4241943359375
5193,412.76123046875
5194,447.1641845703125
5195,411.446044921875
5196,227.47291564941406
5197,353.21502685546875
5198,227.42857360839844
5199,173.9877471923828
5200,418.2552490234375
5201,446.9958801269531
5202,446.8446044921875
5203,426.67822265625
5204,426.08642578125
5205,390.06787109375
5206,412.9816589355469
5207,394.50640869140625
5208,315.3139343261719
5209,434.5768737792969
5210,442.3326416015625
5211,433.17169189453125
5212,424.8075256347656
5213,446.9725646972656
5214,386.29534912109375
5215,381.0155029296875
5216,412.9324035644531
5217,428.71051025390625
5218,422.732421875
5219,383.3592529296875
5220,419.67901611328125
5221,437.14093017578125
5222,421.1484680175781
5223,416.3677062988281
5224,388.7626953125
5225,409.122314453125
5226,437.6783752441406
5227,425.3558654785156
5228,341.89105224609375
5229,349.639404296875
5230,355.01861572265625
5231,417.8902587890625
5232,407.1924133300781
5233,412.131591796875
5234,391.9230651855469
5235,421.0791320800781
5236,338.6719055175781
5237,420.0758972167969
5238,414.7829284667969
5239,395.4603271484375
5240,368.7757873535156
5241,393.6805419921875
5242,374.25762939453125
5243,376.5983581542969
5244,395.4773864746094
5245,416.38568115234375
5246,413.09259033203125
5247,435.6537170410156
5248,428.373779296875
5249,397.00189208984375
5250,433.76776123046875
5251,414.2690734863281
5252,424.595947265625
5253,413.15130615234375
5254,364.4908142089844
5255,422.4586181640625
5256,454.80242919921875
5257,375.714111328125
5258,406.0809631347656
5259,368.5113525390625
5260,385.6332702636719
5261,417.46875
5262,323.9877014160156
5263,439.4743347167969
5264,381.6871337890625
5265,433.5484619140625
5266,398.25177001953125
5267,226.09112548828125
5268,156.7698516845703
5269,397.54241943359375
5270,427.68487548828125
5271,427.9485168457031
5272,392.2978515625
5273,451.1805419921875
5274,413.27825927734375
5275,400.4402160644531
5276,388.03326416015625
5277,400.0718688964844
5278,435.5523986816406
5279,411.8299560546875
5280,399.76715087890625
5281,421.5760192871094
5282,360.7969055175781
5283,403.30157470703125
5284,411.7613830566406
5285,407.8545837402344
5286,367.5843200683594
5287,418.8836975097656
5288,397.3045959472656
5289,410.21063232421875
5290,398.8766784667969
5291,409.4488830566406
5292,349.6348876953125
5293,433.2137756347656
5294,392.1895446777344
5295,404.212646484375
5296,369.4442138671875
5297,355.0920104980469
5298,407.02984619140625
5299,397.1879577636719
5300,352.9540100097656
5301,415.0867919921875
5302,409.65447998046875
5303,355.67205810546875
5304,402.0624694824219
5305,406.1899719238281
5306,419.5255126953125
5307,402.0434875488281
5308,376.27203369140625
5309,411.0909729003906
5310,386.91131591796875
5311,377.70733642578125
5312,381.56036376953125
5313,351.9780578613281
5314,399.57989501953125
5315,389.989990234375
5316,394.267578125
5317,342.49920654296875
5318,394.6966552734375
5319,340.3658142089844
5320,376.62322998046875
5321,384.2641296386719
5322,419.3152160644531
5323,363.4486389160156
5324,357.06011962890625
5325,346.5091552734375
5326,357.2931213378906
5327,376.474853515625
5328,368.8329162597656
5329,364.7966613769531
5330,406.5742492675781
5331,348.3402404785156
5332,424.1358337402344
5333,350.6903381347656
5334,186.6831512451172
5335,405.3084411621094
5336,364.96783447265625
5337,349.80670166015625
5338,390.985595703125
5339,364.5303039550781
5340,370.38653564453125
5341,364.31475830078125
5342,384.1927490234375
5343,322.99072265625
5344,347.8356018066406
5345,355.3280029296875
5346,417.7458801269531
5347,394.28277587890625
5348,419.71466064453125
5349,364.43267822265625
5350,402.8951416015625
5351,365.81103515625
5352,346.8798522949219
5353,391.79779052734375
5354,318.33917236328125
5355,380.63507080078125
5356,372.4821472167969
5357,364.48663330078125
5358,366.4737548828125
5359,346.88970947265625
5360,301.7847900390625
5361,349.3705749511719
5362,363.2291564941406
5363,320.7309875488281
5364,350.3919677734375
5365,347.27984619140625
5366,339.73260498046875
5367,398.4740295410156
5368,356.3282165527344
5369,358.8738708496094
5370,352.2159423828125
5371,338.6634521484375
5372,344.0801086425781
5373,208.10125732421875
5374,311.6539306640625
5375,355.61083984375
5376,399.77886962890625
5377,386.9412536621094
5378,376.27294921875
5379,355.798095703125
5380,380.4945068359375
5381,387.15118408203125
5382,396.84686279296875
5383,327.6627197265625
5384,329.5081787109375
5385,387.2342834472656
5386,367.81256103515625
5387,391.1806640625
5388,360.09649658203125
5389,351.1466369628906
5390,401.6092529296875
5391,379.3326416015625
5392,359.1202697753906
5393,345.4905700683594
5394,383.696533203125
5395,377.25579833984375
5396,383.41534423828125
5397,340.96112060546875
5398,347.9601745605469
5399,372.17523193359375
5400,353.90374755859375
5401,371.3800964355469
5402,382.29742431640625
5403,393.3409423828125
5404,373.8574523925781
5405,370.6224060058594
5406,371.91864013671875
5407,352.0657653808594
5408,367.097412109375
5409,366.4444885253906
5410,339.7862854003906
5411,376.6875
5412,329.5742492675781
5413,392.7156066894531
5414,364.16168212890625
5415,362.4230041503906
5416,359.5234375
5417,359.54150390625
5418,401.9664001464844
5419,360.0903015136719
5420,401.2462158203125
5421,352.77423095703125
5422,366.93524169921875
5423,387.1172180175781
5424,299.5314636230469
5425,383.1542663574219
5426,366.8114013671875
5427,406.2786560058594
5428,385.4745178222656
5429,395.91748046875
5430,365.8827209472656
5431,394.8656311035156
5432,339.7705993652344
5433,303.42718505859375
5434,387.91693115234375
5435,365.5828552246094
5436,355.8088684082031
5437,392.0984191894531
5438,325.91119384765625
5439,359.74468994140625
5440,365.3735046386719
5441,363.55517578125
5442,344.0267028808594
5443,378.2922058105469
5444,393.50689697265625
5445,370.5328063964844
5446,398.5380859375
5447,404.7272644042969
5448,392.251953125
5449,405.0549011230469
5450,366.9802551269531
5451,389.1792907714844
5452,397.1027526855469
5453,399.43267822265625
5454,360.26953125
5455,375.9371337890625
5456,357.7935791015625
5457,376.6258850097656
5458,394.84649658203125
5459,397.1824951171875
5460,412.5633239746094
5461,388.50823974609375
5462,407.14599609375
5463,354.7856140136719
5464,394.0799560546875
5465,399.4652404785156
5466,383.8750915527344
5467,385.2457580566406
5468,412.7500915527344
5469,425.693359375
5470,388.9504089355469
5471,413.04742431640625
5472,393.19281005859375
5473,403.2587890625
5474,332.16534423828125
5475,363.7745666503906
5476,346.03472900390625
5477,417.6517333984375
5478,366.1405334472656
5479,360.1111755371094
5480,421.7449951171875
5481,397.2724914550781
5482,395.6606140136719
5483,410.4004211425781
5484,397.7840881347656
5485,187.587890625
5486,425.852783203125
5487,359.232177734375
5488,359.12884521484375
5489,393.2970275878906
5490,408.74932861328125
5491,422.6501770019531
5492,428.8067321777344
5493,366.0985412597656
5494,392.34228515625
5495,397.3021545410156
5496,365.0186767578125
5497,423.6339111328125
5498,404.66131591796875
5499,406.8503723144531
5500,356.2940979003906
5501,281.40838623046875
5502,411.6466369628906
5503,387.0505065917969
5504,402.71783447265625
5505,390.00067138671875
5506,418.976806640625
5507,394.6180725097656
5508,383.1495666503906
5509,375.81231689453125
5510,364.11151123046875
5511,411.0987548828125
5512,378.11126708984375
5513,411.9989929199219
5514,414.6801452636719
5515,401.64825439453125
5516,391.6795654296875
5517,408.3059387207031
5518,347.9743347167969
5519,404.24755859375
5520,380.890380859375
5521,407.2951965332031
5522,402.798583984375
5523,327.1650085449219
5524,397.29046630859375
5525,352.4232177734375
5526,382.82598876953125
5527,404.35302734375
5528,395.1075744628906
5529,395.3921203613281
5530,410.6814880371094
5531,396.7146301269531
5532,401.6795959472656
5533,363.92864990234375
5534,373.6525573730469
5535,400.3086853027344
5536,380.3782653808594
5537,399.4024658203125
5538,391.8644714355469
5539,403.1241455078125
5540,359.3435974121094
5541,377.1296691894531
5542,392.4655456542969
5543,324.98541259765625
5544,380.7210998535156
5545,336.3124084472656
5546,422.11773681640625
5547,398.3036804199219
5548,395.77947998046875
5549,365.5227355957031
5550,360.69036865234375
5551,387.5345764160156
5552,387.33001708984375
5553,420.5155944824219
5554,313.9107666015625
5555,386.3809814453125
5556,363.52996826171875
5557,388.76129150390625
5558,392.0611267089844
5559,333.40093994140625
5560,377.068603515625
5561,398.0545654296875
5562,421.4513854980469
5563,417.5967712402344
5564,382.45703125
5565,417.0942687988281
5566,389.78338623046875
5567,376.9775390625
5568,378.85693359375
5569,395.1650390625
5570,387.2715759277344
5571,395.5506591796875
5572,324.3843078613281
5573,412.44024658203125
5574,407.5418701171875
5575,328.33038330078125
5576,401.443603515625
5577,353.167236328125
5578,396.09881591796875
5579,376.1378479003906
5580,403.4783935546875
5581,393.2018127441406
5582,407.54180908203125
5583,397.0339050292969
5584,405.8068542480469
5585,420.3087158203125
5586,416.9150085449219
5587,301.08465576171875
5588,385.13275146484375
5589,410.1339416503906
5590,396.6896057128906
5591,392.5428466796875
5592,400.16387939453125
5593,417.9757995605469
5594,382.6080627441406
5595,411.0123291015625
5596,373.7861022949219
5597,382.69158935546875
5598,393.35687255859375
5599,407.6673278808594
5600,401.6248474121094
5601,404.6395568847656
5602,348.17120361328125
5603,406.1620788574219
5604,352.7701110839844
5605,416.7902526855469
5606,393.09814453125
5607,414.2614440917969
5608,415.1764221191406
5609,411.4010009765625
5610,343.3262023925781
5611,324.0856628417969
5612,363.26690673828125
5613,429.8123474121094
5614,403.3226013183594
5615,396.19561767578125
5616,354.1448059082031
5617,357.00567626953125
5618,412.199462890625
5619,374.84771728515625
5620,383.3838195800781
5621,414.5823059082031
5622,385.2906799316406
5623,409.3908386230469
5624,324.6844177246094
5625,403.3797302246094
5626,375.558349609375
5627,374.6689453125
5628,407.8477478027344
5629,418.3401794433594
5630,420.4246520996094
5631,418.9192810058594
5632,406.6246337890625
5633,390.7174072265625
5634,411.6260681152344
5635,419.2074890136719
5636,390.7781677246094
5637,409.4980163574219
5638,362.966552734375
5639,350.5165100097656
5640,353.9710693359375
5641,410.77679443359375
5642,387.3302001953125
5643,412.4571533203125
5644,433.0514221191406
5645,382.2644958496094
5646,439.645263671875
5647,435.332275390625
5648,419.56719970703125
5649,349.2264404296875
5650,406.48187255859375
5651,300.38494873046875
5652,421.1561584472656
5653,358.21746826171875
5654,371.15960693359375
5655,357.2025451660156
5656,375.8085632324219
5657,389.6922302246094
5658,380.9568176269531
5659,403.4664611816406
5660,376.3923034667969
5661,380.37762451171875
5662,403.65264892578125
5663,363.0346374511719
5664,413.54925537109375
5665,337.1770935058594
5666,441.6380920410156
5667,426.1427307128906
5668,425.2037658691406
5669,379.9140625
5670,408.9482421875
5671,421.930419921875
5672,394.33868408203125
5673,380.0721740722656
5674,424.9742431640625
5675,411.6914978027344
5676,404.58648681640625
5677,417.8942565917969
5678,368.12994384765625
5679,282.05230712890625
5680,434.0764465332031
5681,410.4751281738281
5682,339.31072998046875
5683,410.98785400390625
5684,429.0487976074219
5685,430.66851806640625
5686,376.58636474609375
5687,425.62030029296875
5688,387.4324645996094
5689,444.7044982910156
5690,392.0679626464844
5691,368.6187438964844
5692,422.89990234375
5693,424.5395812988281
5694,391.1879577636719
5695,419.3068542480469
5696,367.96282958984375
5697,393.60418701171875
5698,432.7914123535156
5699,419.2002258300781
5700,453.33343505859375
5701,436.98919677734375
5702,438.1955871582031
5703,435.5040588378906
5704,414.8179626464844
5705,435.9874572753906
5706,387.26983642578125
5707,431.9718933105469
5708,419.8331604003906
5709,438.33477783203125
5710,374.88861083984375
5711,412.61590576171875
5712,408.9377136230469
5713,396.49639892578125
5714,405.2834167480469
5715,398.7176513671875
5716,380.61419677734375
5717,360.7264099121094
5718,440.5015869140625
5719,371.8333740234375
5720,398.76361083984375
5721,384.0576171875
5722,415.7255554199219
5723,406.67095947265625
5724,400.832275390625
5725,408.74993896484375
5726,392.9817199707031
5727,399.2168884277344
5728,412.9140930175781
5729,382.85546875
5730,382.7884826660156
5731,369.06121826171875
5732,402.4353942871094
5733,411.3927917480469
5734,429.72442626953125
5735,404.32781982421875
5736,358.5614318847656
5737,418.8081359863281
5738,418.44232177734375
5739,403.4646911621094
5740,398.4833679199219
5741,382.65301513671875
5742,410.8182067871094
5743,393.9123229980469
5744,394.8263854980469
5745,430.5919189453125
5746,388.91009521484375
5747,397.8941345214844
5748,417.4917297363281
5749,382.47723388671875
5750,387.2424621582031
5751,388.1805114746094
5752,404.8150634765625
5753,412.498291015625
5754,433.7558288574219
5755,351.5123291015625
5756,385.45672607421875
5757,398.6307067871094
5758,423.3003234863281
5759,420.3357238769531
5760,351.57305908203125
5761,388.5884094238281
5762,345.9474182128906
5763,379.966552734375
5764,378.2807922363281
5765,310.0507507324219
5766,419.70587158203125
5767,400.5657653808594
5768,376.89678955078125
5769,388.19073486328125
5770,393.2528381347656
5771,369.2897644042969
5772,374.8066101074219
5773,374.1949768066406
5774,366.0271911621094
5775,385.171630859375
5776,352.0646057128906
5777,391.05023193359375
5778,397.3773498535156
5779,426.96319580078125
5780,400.82928466796875
5781,371.0906066894531
5782,389.2728271484375
5783,384.2518005371094
5784,400.81195068359375
5785,402.0431213378906
5786,433.90142822265625
5787,392.7675476074219
5788,411.0927429199219
5789,400.07708740234375
5790,405.4244079589844
5791,429.7974548339844
5792,403.7740173339844
5793,434.1191101074219
5794,410.5463562011719
5795,384.9330749511719
5796,393.71087646484375
5797,414.5862731933594
5798,391.9339599609375
5799,394.289306640625
5800,372.7117919921875
5801,387.64990234375
5802,364.0038757324219
5803,395.0205078125
5804,396.7760009765625
5805,394.52349853515625
5806,419.7520446777344
5807,398.7728271484375
5808,398.6806335449219
5809,417.23162841796875
5810,415.877197265625
5811,403.129150390625
5812,408.2222595214844
5813,371.70428466796875
5814,423.7523193359375
5815,434.4832763671875
5816,406.4361877441406
5817,393.0867004394531
5818,349.7403564453125
5819,401.5868225097656
5820,369.3703918457031
5821,409.0742492675781
5822,403.2908630371094
5823,417.76849365234375
5824,354.8153381347656
5825,400.3067321777344
5826,407.2848205566406
5827,348.5404052734375
5828,354.2558898925781
5829,401.1482238769531
5830,435.07940673828125
5831,412.8947448730469
5832,378.77911376953125
5833,387.1697998046875
5834,437.1875
5835,427.43756103515625
5836,420.89306640625
5837,408.4247741699219
5838,402.46478271484375
5839,386.17144775390625
5840,378.3689880371094
5841,376.62811279296875
5842,396.25762939453125
5843,427.7477722167969
5844,399.3778991699219
5845,402.7755126953125
5846,425.3979797363281
5847,402.8603515625
5848,411.78948974609375
5849,354.8810729980469
5850,386.1842956542969
5851,428.3862609863281
5852,423.1065673828125
5853,431.1167297363281
5854,376.6349182128906
5855,421.4911193847656
5856,405.9820251464844
5857,411.4969482421875
5858,418.98455810546875
5859,374.91619873046875
5860,420.2168273925781
5861,372.53076171875
5862,414.6281433105469
5863,426.0225830078125
5864,397.05755615234375
5865,409.5082092285156
5866,421.8412170410156
5867,363.7301025390625
5868,425.3846435546875
5869,433.8856201171875
5870,424.3732604980469
5871,407.48663330078125
5872,416.5678405761719
5873,402.2845458984375
5874,430.21337890625
5875,428.04937744140625
5876,415.03997802734375
5877,422.7928466796875
5878,404.23297119140625
5879,376.01025390625
5880,408.7371520996094
5881,382.5196533203125
5882,429.6197814941406
5883,439.52166748046875
5884,401.87176513671875
5885,411.0812683105469
5886,416.83062744140625
5887,391.5679016113281
5888,439.8498840332031
5889,407.73443603515625
5890,346.4384765625
5891,426.8713684082031
5892,424.9001159667969
5893,424.8367919921875
5894,376.8769226074219
5895,411.38397216796875
5896,442.5260009765625
5897,407.1170654296875
5898,415.9520263671875
5899,400.8369140625
5900,434.1474914550781
5901,405.69580078125
5902,331.0512390136719
5903,420.3883361816406
5904,406.9822692871094
5905,393.69927978515625
5906,367.3897399902344
5907,383.4479064941406
5908,383.801025390625
5909,406.5674743652344
5910,395.0185241699219
5911,333.4488220214844
5912,340.9443664550781
5913,393.0613098144531
5914,381.6018981933594
5915,414.850341796875
5916,427.39947509765625
5917,436.57440185546875
5918,401.0506286621094
5919,412.9919738769531
5920,408.9223937988281
5921,435.7438659667969
5922,413.03082275390625
5923,390.314208984375
5924,424.2315979003906
5925,400.2355041503906
5926,411.22723388671875
5927,404.0677185058594
5928,381.48980712890625
5929,373.53167724609375
5930,402.1732482910156
5931,422.3992614746094
5932,417.1356201171875
5933,394.5990295410156
5934,404.1479187011719
5935,410.9147644042969
5936,409.1428527832031
5937,422.9805908203125
5938,198.11375427246094
5939,416.1915588378906
5940,378.4371643066406
5941,413.20233154296875
5942,397.2369384765625
5943,394.88372802734375
5944,380.1776428222656
5945,376.5807189941406
5946,406.7247619628906
5947,400.3519287109375
5948,380.1307678222656
5949,417.2007751464844
5950,414.58111572265625
5951,386.5625
5952,358.7701721191406
5953,383.57635498046875
5954,408.48443603515625
5955,385.5859375
5956,400.2959899902344
5957,361.35498046875
5958,399.6896667480469
5959,406.1105041503906
5960,386.6416320800781
5961,400.84844970703125
5962,396.8211975097656
5963,395.1327209472656
5964,336.5450744628906
5965,379.49737548828125
5966,400.37261962890625
5967,407.7583312988281
5968,348.842041015625
5969,368.8443603515625
5970,403.2878723144531
5971,390.51470947265625
5972,350.13543701171875
5973,393.88629150390625
5974,371.7790832519531
5975,392.1029357910156
5976,367.1894836425781
5977,380.9940185546875
5978,340.7381286621094
5979,395.2239990234375
5980,387.5055236816406
5981,411.59368896484375
5982,413.46533203125
5983,418.2213134765625
5984,404.698486328125
5985,408.98992919921875
5986,354.7617492675781
5987,390.59954833984375
5988,390.3270263671875
5989,408.0896301269531
5990,347.80780029296875
5991,396.6415710449219
5992,361.35540771484375
5993,390.2729797363281
5994,365.40032958984375
5995,383.1516418457031
5996,370.83087158203125
5997,409.5405578613281
5998,386.3000183105469
5999,241.5769500732422
6000,397.3591003417969
6001,389.871337890625
6002,373.6665954589844
6003,415.9523620605469
6004,405.6811828613281
6005,379.6949768066406
6006,401.28619384765625
6007,358.1219787597656
6008,372.3313293457031
6009,358.42340087890625
6010,385.4199523925781
6011,378.8840637207031
6012,384.45452880859375
6013,385.36395263671875
6014,271.84259033203125
6015,386.4049072265625
6016,379.83807373046875
6017,367.5846252441406
6018,383.1502380371094
6019,358.93341064453125
6020,415.7946472167969
6021,377.0406494140625
6022,358.1305236816406
6023,422.3055725097656
6024,403.3837890625
6025,389.1800842285156
6026,398.9687805175781
6027,347.31683349609375
6028,385.3802490234375
6029,393.10040283203125
6030,394.4444885253906
6031,391.9923095703125
6032,396.5040588378906
6033,331.3927307128906
6034,366.0823669433594
6035,398.39727783203125
6036,364.6007995605469
6037,359.9849853515625
6038,385.8658752441406
6039,289.1299133300781
6040,339.5624084472656
6041,376.5332336425781
6042,399.4812316894531
6043,353.4402770996094
6044,372.417236328125
6045,352.9960632324219
6046,350.3939208984375
6047,341.0251159667969
6048,409.9884338378906
6049,322.5341491699219
6050,330.4316711425781
6051,410.2834167480469
6052,403.5855407714844
6053,370.97381591796875
6054,402.0982360839844
6055,374.1742248535156
6056,349.734375
6057,401.6255798339844
6058,400.2216796875
6059,346.8962097167969
6060,415.94158935546875
6061,418.34735107421875
6062,417.3013610839844
6063,391.2916564941406
6064,404.0027770996094
6065,393.792724609375
6066,369.242431640625
6067,355.9004211425781
6068,398.3188781738281
6069,410.57269287109375
6070,402.7864074707031
6071,326.5031433105469
6072,368.8855895996094
6073,395.7375183105469
6074,416.6847839355469
6075,412.81976318359375
6076,417.8280944824219
6077,380.68035888671875
6078,380.97265625
6079,396.4758605957031
6080,391.1574401855469
6081,391.7522277832031
6082,392.9033508300781
6083,430.2438049316406
6084,414.259521484375
6085,316.7436828613281
6086,408.9527587890625
6087,393.9422607421875
6088,403.6065673828125
6089,378.69683837890625
6090,385.71722412109375
6091,421.54248046875
6092,404.8819885253906
6093,413.3572082519531
6094,398.3824768066406
6095,349.34814453125
6096,407.2685241699219
6097,422.643310546875
6098,405.3805847167969
6099,358.5135803222656
6100,389.62689208984375
6101,428.6541442871094
6102,442.041748046875
6103,377.2511901855469
6104,410.3843078613281
6105,402.08660888671875
6106,388.4861755371094
6107,401.09698486328125
6108,440.8934631347656
6109,396.0516052246094
6110,433.8271789550781
6111,383.4615478515625
6112,433.4461975097656
6113,428.7801208496094
6114,348.6697082519531
6115,408.9777526855469
6116,417.2113952636719
6117,397.16607666015625
6118,443.3796691894531
6119,445.127685546875
6120,396.4575500488281
6121,391.1142883300781
6122,424.1982727050781
6123,418.8302307128906
6124,357.3592224121094
6125,381.6353454589844
6126,419.0721740722656
6127,408.3228759765625
6128,364.9167785644531
6129,383.1838073730469
6130,413.9034118652344
6131,386.8273010253906
6132,426.3197021484375
6133,415.2588806152344
6134,431.1568298339844
6135,399.9312438964844
6136,391.7611999511719
6137,432.968994140625
6138,427.5111999511719
6139,379.4527893066406
6140,439.7051696777344
6141,413.17474365234375
6142,411.3942565917969
6143,382.06890869140625
6144,416.6182861328125
6145,441.6778869628906
6146,284.9869079589844
6147,427.3837890625
6148,277.9349060058594
6149,363.42999267578125
6150,404.001708984375
6151,399.7928161621094
6152,372.9814453125
6153,420.6338195800781
6154,406.8170166015625
6155,409.4676818847656
6156,404.41375732421875
6157,344.0747375488281
6158,446.2802734375
6159,412.8932189941406
6160,398.4482727050781
6161,434.2440185546875
6162,406.447998046875
6163,379.491455078125
6164,386.5622253417969
6165,402.6308898925781
6166,387.3544616699219
6167,370.75103759765625
6168,405.9823913574219
6169,412.5440368652344
6170,417.9988098144531
6171,379.65032958984375
6172,334.554443359375
6173,347.19537353515625
6174,422.22552490234375
6175,382.1317443847656
6176,397.0589599609375
6177,383.3559875488281
6178,357.39862060546875
6179,410.29534912109375
6180,407.8656921386719
6181,416.49969482421875
6182,395.20880126953125
6183,397.7911376953125
6184,398.2231140136719
6185,393.9909973144531
6186,437.5064392089844
6187,417.5457763671875
6188,405.51495361328125
6189,414.9001770019531
6190,397.188720703125
6191,358.8857116699219
6192,383.437744140625
6193,382.57470703125
6194,412.65911865234375
6195,379.273193359375
6196,375.1148986816406
6197,377.84033203125
6198,392.8633117675781
6199,408.9216003417969
6200,317.823974609375
6201,431.0992736816406
6202,419.6207580566406
6203,379.2751770019531
6204,360.1048278808594
6205,333.8545837402344
6206,409.18475341796875
6207,407.4967346191406
6208,356.1719970703125
6209,417.15081787109375
6210,374.20684814453125
6211,380.7000732421875
6212,370.5394287109375
6213,377.1626892089844
6214,365.9211730957031
6215,371.4254455566406
6216,389.80047607421875
6217,430.8731994628906
6218,415.2135009765625
6219,382.83477783203125
6220,427.11181640625
6221,376.4312744140625
6222,384.1626281738281
6223,410.74737548828125
6224,376.0982360839844
6225,279.75048828125
6226,394.82928466796875
6227,384.478759765625
6228,402.5393981933594
6229,413.68157958984375
6230,370.51812744140625
6231,404.85784912109375
6232,396.2498474121094
6233,373.7064208984375
6234,399.44305419921875
6235,398.4322509765625
6236,402.0981750488281
6237,405.4749450683594
6238,386.95489501953125
6239,404.7568664550781
6240,410.3415222167969
6241,391.91485595703125
6242,398.6229553222656
6243,409.0176086425781
6244,401.945556640625
6245,388.2568054199219
6246,394.0934143066406
6247,390.61431884765625
6248,412.6015930175781
6249,414.0030517578125
6250,414.3487854003906
6251,422.2271728515625
6252,415.5201416015625
6253,422.6507873535156
6254,344.8531494140625
6255,408.86383056640625
6256,400.1092224121094
6257,408.42755126953125
6258,404.7290344238281
6259,380.6175537109375
6260,423.9315490722656
6261,397.79656982421875
6262,429.22003173828125
6263,400.16583251953125
6264,378.0714111328125
6265,408.8083801269531
6266,402.3349609375
6267,393.7256164550781
6268,412.60577392578125
6269,401.1733703613281
6270,334.8992004394531
6271,353.01605224609375
6272,392.8616638183594
6273,347.3138122558594
6274,381.5762023925781
6275,429.57623291015625
6276,414.1075439453125
6277,377.1129150390625
6278,413.8955078125
6279,411.9548034667969
6280,337.0773010253906
6281,395.0476989746094
6282,406.110595703125
6283,404.3710021972656
6284,387.8025817871094
6285,416.834228515625
6286,389.3581237792969
6287,401.64111328125
6288,384.32183837890625
6289,307.28326416015625
6290,403.0583190917969
6291,385.5820007324219
6292,414.9670715332031
6293,405.28363037109375
6294,424.7266845703125
6295,414.1456298828125
6296,360.0567321777344
6297,387.87957763671875
6298,382.006103515625
6299,416.3101806640625
6300,385.94244384765625
6301,411.6358947753906
6302,395.85552978515625
6303,391.81829833984375
6304,408.7743835449219
6305,412.1404724121094
6306,361.4664306640625
6307,365.3500671386719
6308,417.5807189941406
6309,211.0305938720703
6310,330.4478454589844
6311,384.1116638183594
6312,378.3621520996094
6313,414.6172180175781
6314,427.3363952636719
6315,375.15478515625
6316,394.5334777832031
6317,374.3912353515625
6318,361.1157531738281
6319,398.7990417480469
6320,397.265869140625
6321,408.453125
6322,397.2814636230469
6323,383.814697265625
6324,353.1250915527344
6325,375.71527099609375
6326,392.7515869140625
6327,375.1692199707031
6328,372.9490051269531
6329,426.3844299316406
6330,405.9659423828125
6331,380.8656921386719
6332,411.99176025390625
6333,419.58489990234375
6334,412.0691223144531
6335,395.1436767578125
6336,387.67803955078125
6337,367.71160888671875
6338,405.9356689453125
6339,393.9779968261719
6340,402.9535827636719
6341,241.06053161621094
6342,371.8411560058594
6343,340.6322326660156
6344,379.0203857421875
6345,351.2317199707031
6346,355.4302978515625
6347,406.03692626953125
6348,243.6880340576172
6349,367.2839050292969
6350,392.4543762207031
6351,399.4217529296875
6352,381.9367370605469
6353,411.3483581542969
6354,343.35205078125
6355,396.739990234375
6356,392.6942443847656
6357,388.63800048828125
6358,397.5459289550781
6359,400.3390808105469
6360,393.83526611328125
6361,323.7170104980469
6362,388.2837829589844
6363,377.93829345703125
6364,381.6198425292969
6365,387.8058166503906
6366,390.69293212890625
6367,401.8446960449219
6368,372.82135009765625
6369,346.65728759765625
6370,375.35540771484375
6371,403.4615173339844
6372,393.9937744140625
6373,352.4362487792969
6374,376.53509521484375
6375,398.9384765625
6376,412.78607177734375
6377,329.9238586425781
6378,420.8163757324219
6379,404.9902648925781
6380,353.52593994140625
6381,367.0183410644531
6382,388.9261169433594
6383,399.41778564453125
6384,364.80609130859375
6385,319.6817932128906
6386,320.59735107421875
6387,416.234619140625
6388,399.37176513671875
6389,417.6926574707031
6390,343.5750732421875
6391,364.5939025878906
6392,398.7413024902344
6393,384.66815185546875
6394,374.64666748046875
6395,403.8611145019531
6396,335.10589599609375
6397,401.2486877441406
6398,371.5628356933594
6399,404.5120544433594
6400,389.5769958496094
6401,386.8330383300781
6402,382.3599548339844
6403,399.842041015625
6404,356.35516357421875
6405,381.28228759765625
6406,401.02386474609375
6407,384.1164245605469
6408,390.6513671875
6409,397.41241455078125
6410,410.59161376953125
6411,404.811279296875
6412,403.9244079589844
6413,429.6505126953125
6414,401.17425537109375
6415,374.5353088378906
6416,384.18011474609375
6417,396.39666748046875
6418,404.2995300292969
6419,418.8609619140625
6420,408.606201171875
6421,400.65985107421875
6422,408.9440002441406
6423,413.8501892089844
6424,389.5648498535156
6425,410.0163269042969
6426,437.1202697753906
6427,424.9711608886719
6428,395.84844970703125
6429,410.2398986816406
6430,410.8299255371094
6431,384.6067199707031
6432,421.35491943359375
6433,422.1998291015625
6434,391.057373046875
6435,435.6697082519531
6436,369.04046630859375
6437,414.7566223144531
6438,404.6394958496094
6439,417.39801025390625
6440,422.0737609863281
6441,398.8563232421875
6442,427.9320068359375
6443,421.9104309082031
6444,395.0806579589844
6445,421.2200927734375
6446,402.9231872558594
6447,411.03375244140625
6448,434.4268798828125
6449,419.28057861328125
6450,423.5321350097656
6451,441.4557800292969
6452,378.1205139160156
6453,437.82489013671875
6454,370.1656494140625
6455,419.0406188964844
6456,333.3237609863281
6457,390.7393493652344
6458,372.480224609375
6459,403.5249328613281
6460,409.6041259765625
6461,314.88214111328125
6462,393.933837890625
6463,412.9942321777344
6464,434.52099609375
6465,388.7303466796875
6466,389.74371337890625
6467,427.4381408691406
6468,409.8062438964844
6469,422.5627746582031
6470,414.0885009765625
6471,408.4473571777344
6472,399.9244384765625
6473,393.8812561035156
6474,336.9718017578125
6475,405.6236572265625
6476,378.42333984375
6477,398.5553894042969
6478,372.8869323730469
6479,380.7278137207031
6480,435.10650634765625
6481,347.84228515625
6482,415.3830261230469
6483,425.2585144042969
6484,412.28363037109375
6485,401.49896240234375
6486,398.1697082519531
6487,379.7420654296875
6488,423.8639221191406
6489,412.1536560058594
6490,416.8603515625
6491,416.8505859375
6492,396.1329345703125
6493,420.08843994140625
6494,432.7082824707031
6495,411.06256103515625
6496,414.20684814453125
6497,427.0613708496094
6498,431.6729736328125
6499,364.98565673828125
6500,410.3808898925781
6501,418.2320556640625
6502,386.97760009765625
6503,417.1093444824219
6504,407.34027099609375
6505,428.4167785644531
6506,442.44964599609375
6507,364.291748046875
6508,412.841796875
6509,426.5250244140625
6510,431.10137939453125
6511,404.87298583984375
6512,392.7611999511719
6513,369.6178283691406
6514,426.631103515625
6515,427.0202331542969
6516,397.7365417480469
6517,430.56060791015625
6518,419.5117492675781
6519,424.867431640625
6520,411.5948486328125
6521,405.583251953125
6522,419.4683837890625
6523,435.8262939453125
6524,379.5972595214844
6525,424.0818786621094
6526,431.1064758300781
6527,427.05255126953125
6528,411.8902893066406
6529,421.3869323730469
6530,436.85498046875
6531,438.2901916503906
6532,443.1886291503906
6533,400.9470520019531
6534,391.5346984863281
6535,414.52752685546875
6536,393.6735534667969
6537,393.1234130859375
6538,418.25714111328125
6539,429.1606140136719
6540,434.2646179199219
6541,424.5058898925781
6542,425.9107360839844
6543,433.3116455078125
6544,431.1073303222656
6545,397.4004211425781
6546,398.3893737792969
6547,421.6416931152344
6548,414.754150390625
6549,394.5328063964844
6550,421.328369140625
6551,425.47503662109375
6552,396.2808532714844
6553,406.2511901855469
6554,390.1091003417969
6555,404.9821472167969
6556,383.0967712402344
6557,381.487548828125
6558,357.127685546875
6559,394.0990905761719
6560,408.2058410644531
6561,420.64703369140625
6562,417.759521484375
6563,419.7781677246094
6564,399.1862487792969
6565,391.7566223144531
6566,416.7982482910156
6567,423.9223327636719
6568,413.33544921875
6569,443.4850158691406
6570,406.9376525878906
6571,368.38958740234375
6572,415.527587890625
6573,387.84307861328125
6574,367.44268798828125
6575,400.7889099121094
6576,424.1149597167969
6577,357.51043701171875
6578,394.4994201660156
6579,398.1447448730469
6580,387.5496520996094
6581,397.78546142578125
6582,362.6842346191406
6583,375.7552795410156
6584,369.1777648925781
6585,412.8719482421875
6586,389.0884094238281
6587,385.7967529296875
6588,407.534423828125
6589,416.6282043457031
6590,422.7489013671875
6591,391.6180114746094
6592,420.3604736328125
6593,347.95782470703125
6594,405.44012451171875
6595,400.716064453125
6596,429.3331604003906
6597,400.3947448730469
6598,400.92230224609375
6599,409.5339050292969
6600,412.0450439453125
6601,393.5617980957031
6602,398.427978515625
6603,412.7354431152344
6604,397.2958679199219
6605,422.28924560546875
6606,400.6042785644531
6607,398.8357849121094
6608,387.03643798828125
6609,415.740478515625
6610,414.0180969238281
6611,413.2496643066406
6612,392.1472473144531
6613,428.1759948730469
6614,387.6696472167969
6615,404.7777404785156
6616,407.1437683105469
6617,402.6798095703125
6618,388.648681640625
6619,404.0848083496094
6620,372.5378112792969
6621,385.508544921875
6622,395.0140380859375
6623,390.97314453125
6624,385.22064208984375
6625,369.3393249511719
6626,403.7901916503906
6627,418.4288635253906
6628,401.80694580078125
6629,404.8497314453125
6630,399.842529296875
6631,400.327392578125
6632,395.51531982421875
6633,406.2696838378906
6634,396.9800109863281
6635,374.0035400390625
6636,386.3508605957031
6637,392.9964904785156
6638,405.5326843261719
6639,405.4175720214844
6640,407.7776184082031
6641,406.690673828125
6642,383.5086669921875
6643,416.5938720703125
6644,425.5391540527344
6645,414.7165222167969
6646,400.6453552246094
6647,413.9076843261719
6648,406.32232666015625
6649,411.49188232421875
6650,421.011962890625
6651,425.0433044433594
6652,350.8266296386719
6653,397.1297302246094
6654,421.1323547363281
6655,405.3736267089844
6656,310.0575256347656
6657,426.0020446777344
6658,409.7344055175781
6659,381.8534851074219
6660,356.9593200683594
6661,431.9754333496094
6662,402.0893859863281
6663,398.12939453125
6664,400.45159912109375
6665,423.7391662597656
6666,396.1338806152344
6667,372.0176086425781
6668,427.8569030761719
6669,391.62554931640625
6670,416.1505432128906
6671,339.73260498046875
6672,405.51177978515625
6673,375.9725036621094
6674,421.6680908203125
6675,378.46929931640625
6676,393.9595031738281
6677,402.2590026855469
6678,421.79364013671875
6679,409.89422607421875
6680,401.09246826171875
6681,412.3188171386719
6682,418.5616149902344
6683,413.08209228515625
6684,416.0146484375
6685,412.93646240234375
6686,390.64813232421875
6687,436.439697265625
6688,440.00732421875
6689,384.89794921875
6690,394.31024169921875
6691,406.63653564453125
6692,398.5767822265625
6693,418.18341064453125
6694,404.9713439941406
6695,407.434326171875
6696,418.8289489746094
6697,389.7324523925781
6698,409.3617858886719
6699,411.258544921875
6700,396.5736999511719
6701,429.1455383300781
6702,378.6521301269531
6703,399.8772277832031
6704,401.22589111328125
6705,387.86444091796875
6706,420.13739013671875
6707,409.16363525390625
6708,383.23858642578125
6709,382.08538818359375
6710,397.06072998046875
6711,421.9070739746094
6712,391.0775146484375
6713,429.9175720214844
6714,408.1357421875
6715,403.5904541015625
6716,424.0050048828125
6717,388.74652099609375
6718,384.0083312988281
6719,398.1007995605469
6720,412.0904541015625
6721,399.6101379394531
6722,400.21746826171875
6723,403.0673522949219
6724,400.0897216796875
6725,391.2441711425781
6726,412.179931640625
6727,407.16961669921875
6728,413.4979248046875
6729,426.8751525878906
6730,394.5060729980469
6731,424.18011474609375
6732,390.57525634765625
6733,390.5734558105469
6734,397.5093994140625
6735,404.558837890625
6736,398.74542236328125
6737,409.25238037109375
6738,430.3299255371094
6739,384.3340148925781
6740,413.2451171875
6741,408.18988037109375
6742,428.45947265625
6743,381.2029724121094
6744,409.48504638671875
6745,410.5251159667969
6746,382.5160217285156
6747,389.58197021484375
6748,386.7965087890625
6749,396.46087646484375
6750,400.4397277832031
6751,415.95489501953125
6752,423.3721618652344
6753,394.1991882324219
6754,400.2841796875
6755,394.81536865234375
6756,413.9471130371094
6757,415.837158203125
6758,428.82440185546875
6759,417.3064270019531
6760,404.2325744628906
6761,420.6445007324219
6762,406.6800231933594
6763,400.9144287109375
6764,387.7691955566406
6765,430.43377685546875
6766,400.3602294921875
6767,400.773193359375
6768,413.08843994140625
6769,404.0498352050781
6770,417.8394470214844
6771,400.1199035644531
6772,412.73797607421875
6773,417.1177978515625
6774,373.5101013183594
6775,424.33154296875
6776,386.966796875
6777,366.85137939453125
6778,419.0155029296875
6779,391.6019592285156
6780,410.8092346191406
6781,307.9993591308594
6782,393.3683776855469
6783,401.76275634765625
6784,394.8876953125
6785,398.4399719238281
6786,378.7764892578125
6787,367.8670349121094
6788,377.19268798828125
6789,391.22357177734375
6790,404.3453063964844
6791,344.3531188964844
6792,403.085205078125
6793,403.50341796875
6794,388.2024230957031
6795,407.230712890625
6796,404.19134521484375
6797,416.0530090332031
6798,398.5031433105469
6799,412.56121826171875
6800,371.1275329589844
6801,392.556396484375
6802,392.3667907714844
6803,388.7048645019531
6804,372.4852294921875
6805,402.53070068359375
6806,410.97979736328125
6807,423.4169921875
6808,356.3370666503906
6809,356.9305419921875
6810,312.79583740234375
6811,392.3587951660156
6812,386.748779296875
6813,402.7455139160156
6814,405.806396484375
6815,419.06915283203125
6816,384.31494140625
6817,377.9949645996094
6818,400.7945556640625
6819,421.5373840332031
6820,373.8284606933594
6821,376.4143371582031
6822,362.8604431152344
6823,278.1403503417969
6824,412.0952453613281
6825,413.8590087890625
6826,424.2625427246094
6827,401.66015625
6828,387.6293029785156
6829,412.2537536621094
6830,394.4535217285156
6831,430.0315856933594
6832,382.7471008300781
6833,427.28973388671875
6834,415.568115234375
6835,407.1215515136719
6836,355.3316650390625
6837,378.304443359375
6838,390.0568542480469
6839,417.2315368652344
6840,365.3814697265625
6841,411.5624694824219
6842,421.63916015625
6843,396.5437927246094
6844,426.9302673339844
6845,380.1658020019531
6846,381.1479187011719
6847,387.459716796875
6848,348.0555419921875
6849,425.7630310058594
6850,399.84967041015625
6851,397.85296630859375
6852,423.31976318359375
6853,406.77252197265625
6854,418.6712341308594
6855,401.2991638183594
6856,375.1755676269531
6857,396.7797546386719
6858,370.6308898925781
6859,407.4901428222656
6860,364.806884765625
6861,403.6952819824219
6862,405.6080627441406
6863,381.65435791015625
6864,379.40081787109375
6865,409.3610534667969
6866,433.025390625
6867,410.40435791015625
6868,438.80999755859375
6869,425.23699951171875
6870,445.70672607421875
6871,404.943115234375
6872,420.473388671875
6873,395.291259765625
6874,403.75225830078125
6875,437.3768005371094
6876,414.22747802734375
6877,392.59674072265625
6878,439.86639404296875
6879,412.8746643066406
6880,427.4297180175781
6881,422.9789733886719
6882,409.089599609375
6883,437.1893310546875
6884,380.57257080078125
6885,427.1491394042969
6886,390.98590087890625
6887,380.1402893066406
6888,421.804931640625
6889,379.8992614746094
6890,410.33099365234375
6891,415.2338562011719
6892,387.3597717285156
6893,359.62091064453125
6894,433.5302734375
6895,388.791259765625
6896,412.8797302246094
6897,401.0715026855469
6898,426.1271667480469
6899,422.1224365234375
6900,403.4478759765625
6901,358.4542541503906
6902,423.5915222167969
6903,413.64410400390625
6904,418.1812438964844
6905,375.28643798828125
6906,378.01251220703125
6907,431.3829345703125
6908,404.4138488769531
6909,414.19805908203125
6910,433.3392639160156
6911,435.8011169433594
6912,424.8540954589844
6913,416.8891906738281
6914,439.5332336425781
6915,406.7334289550781
6916,399.9562072753906
6917,409.98223876953125
6918,403.858642578125
6919,417.9805603027344
6920,419.9739074707031
6921,395.5333251953125
6922,414.0671691894531
6923,399.5918273925781
6924,415.65679931640625
6925,406.594970703125
6926,429.3799743652344
6927,413.39312744140625
6928,422.94573974609375
6929,402.825439453125
6930,381.9159240722656
6931,410.2247619628906
6932,380.2724914550781
6933,417.5447692871094
6934,408.588623046875
6935,397.86798095703125
6936,400.3976745605469
6937,403.7999267578125
6938,426.02099609375
6939,394.2984313964844
6940,352.246826171875
6941,352.54864501953125
6942,377.8386535644531
6943,413.33563232421875
6944,419.8392028808594
6945,402.81640625
6946,423.37567138671875
6947,397.7290344238281
6948,384.28387451171875
6949,378.9030456542969
6950,349.3542175292969
6951,389.5359802246094
6952,408.9856872558594
6953,390.3153991699219
6954,429.62994384765625
6955,441.432861328125
6956,385.0286560058594
6957,396.6079406738281
6958,385.0754089355469
6959,390.43597412109375
6960,399.94390869140625
6961,389.7714538574219
6962,382.3515319824219
6963,423.4723205566406
6964,386.9531555175781
6965,406.13372802734375
6966,407.07476806640625
6967,377.69744873046875
6968,385.9078369140625
6969,383.2333068847656
6970,393.973876953125
6971,406.7544860839844
6972,383.5620422363281
6973,384.5217590332031
6974,398.2841796875
6975,380.7283020019531
6976,398.6185302734375
6977,412.8994445800781
6978,369.1481628417969
6979,404.6750793457031
6980,413.6210632324219
6981,391.026611328125
6982,393.1854553222656
6983,407.1025390625
6984,387.228271484375
6985,420.6929016113281
6986,415.4027099609375
6987,368.4546203613281
6988,393.4845886230469
6989,406.3924560546875
6990,402.2615051269531
6991,414.63720703125
6992,411.2017822265625
6993,362.6985168457031
6994,386.8044738769531
6995,389.52301025390625
6996,408.5328063964844
6997,379.35491943359375
6998,397.8377685546875
6999,386.8872375488281
7000,400.26007080078125
7001,381.6390380859375
7002,409.1334228515625
7003,386.8717041015625
7004,397.23394775390625
7005,403.02734375
7006,352.9826354980469
7007,390.2120056152344
7008,368.41326904296875
7009,378.2654113769531
7010,382.45477294921875
7011,350.3266296386719
7012,388.4952697753906
7013,387.2039489746094
7014,382.3133239746094
7015,369.6792907714844
7016,372.863037109375
7017,357.3999938964844
7018,404.2470703125
7019,391.19232177734375
7020,374.8767395019531
7021,388.6087951660156
7022,384.1595458984375
7023,342.32611083984375
7024,382.0135803222656
7025,383.94305419921875
7026,368.7843933105469
7027,394.05419921875
7028,355.3556823730469
7029,399.37847900390625
7030,366.77783203125
7031,388.07012939453125
7032,396.6128845214844
7033,369.35321044921875
7034,372.92852783203125
7035,366.14825439453125
7036,401.4979248046875
7037,388.24176025390625
7038,380.87335205078125
7039,382.373779296875
7040,381.2793273925781
7041,330.12445068359375
7042,388.02618408203125
7043,370.1954345703125
7044,398.4294128417969
7045,386.5903625488281
7046,397.88165283203125
7047,390.8248291015625
7048,386.6333923339844
7049,396.5148620605469
7050,390.99932861328125
7051,355.9732360839844
7052,356.9508361816406
7053,377.02886962890625
7054,389.19305419921875
7055,347.6611022949219
7056,384.53118896484375
7057,395.8456726074219
7058,417.5701904296875
7059,393.81939697265625
7060,397.6208190917969
7061,372.34271240234375
7062,367.3038330078125
7063,388.79193115234375
7064,424.01043701171875
7065,405.2005615234375
7066,390.68377685546875
7067,413.0934753417969
7068,380.5423889160156
7069,407.98779296875
7070,390.367431640625
7071,360.88018798828125
7072,387.97406005859375
7073,411.0343933105469
7074,393.1791687011719
7075,345.0668640136719
7076,390.04437255859375
7077,403.4923400878906
7078,386.4599304199219
7079,390.6671142578125
7080,380.9762878417969
7081,389.12640380859375
7082,405.83953857421875
7083,401.9245300292969
7084,407.37762451171875
7085,387.0448303222656
7086,385.6546936035156
7087,399.8880920410156
7088,385.7770690917969
7089,394.1130065917969
7090,376.2208557128906
7091,388.1893615722656
7092,383.3955383300781
7093,378.25439453125
7094,306.19976806640625
7095,374.4244079589844
7096,416.0512390136719
7097,410.822998046875
7098,351.7467041015625
7099,400.22308349609375
7100,369.9930725097656
7101,415.8372802734375
7102,409.38897705078125
7103,397.3575134277344
7104,394.7051086425781
7105,404.52703857421875
7106,407.2228088378906
7107,370.6126708984375
7108,400.2410888671875
7109,422.00482177734375
7110,359.3226013183594
7111,325.90606689453125
7112,389.58001708984375
7113,405.9415588378906
7114,390.60198974609375
7115,403.05218505859375
7116,394.58917236328125
7117,391.23358154296875
7118,391.56646728515625
7119,402.92559814453125
7120,412.6513671875
7121,393.1245422363281
7122,405.86163330078125
7123,396.22711181640625
7124,402.4903869628906
7125,388.02587890625
7126,393.26934814453125
7127,373.0041809082031
7128,405.67730712890625
7129,396.8348693847656
7130,352.9982604980469
7131,370.2565002441406
7132,392.5584411621094
7133,392.20098876953125
7134,424.54766845703125
7135,364.1959228515625
7136,387.5894775390625
7137,381.7494201660156
7138,376.6883544921875
7139,411.9459533691406
7140,390.6952209472656
7141,389.8168640136719
7142,405.1361389160156
7143,400.2218322753906
7144,429.6390380859375
7145,373.1062316894531
7146,389.02960205078125
7147,413.3327941894531
7148,394.6706848144531
7149,414.9123840332031
7150,419.28668212890625
7151,408.249755859375
7152,395.593505859375
7153,414.9259948730469
7154,432.8083190917969
7155,359.4239807128906
7156,385.302490234375
7157,378.99114990234375
7158,404.7345886230469
7159,396.83489990234375
7160,383.51885986328125
7161,403.8653259277344
7162,396.41021728515625
7163,399.0135498046875
7164,413.10205078125
7165,403.1122131347656
7166,395.33892822265625
7167,412.9865417480469
7168,408.9232482910156
7169,402.8949890136719
7170,393.31671142578125
7171,412.02099609375
7172,379.2852783203125
7173,416.9874572753906
7174,432.6137390136719
7175,426.0989685058594
7176,415.9738464355469
7177,418.2292785644531
7178,403.9317626953125
7179,332.1383056640625
7180,443.7762145996094
7181,395.35626220703125
7182,385.1084899902344
7183,421.4747009277344
7184,425.83026123046875
7185,385.5747375488281
7186,394.8228454589844
7187,422.9717712402344
7188,430.7870788574219
7189,396.0168151855469
7190,412.4850769042969
7191,418.0149841308594
7192,394.6769714355469
7193,408.6592712402344
7194,401.9796142578125
7195,409.9469299316406
7196,411.7344970703125
7197,395.3182067871094
7198,406.5250244140625
7199,377.4364929199219
7200,407.6103515625
7201,391.9373474121094
7202,392.6574401855469
7203,387.5354919433594
7204,384.90032958984375
7205,390.1966552734375
7206,388.10882568359375
7207,404.51666259765625
7208,391.4712829589844
7209,401.4368896484375
7210,405.9716491699219
7211,335.59326171875
7212,368.7405700683594
7213,364.355712890625
7214,422.0723571777344
7215,404.5762634277344
7216,414.3361511230469
7217,381.49383544921875
7218,416.0201416015625
7219,405.5152893066406
7220,353.9449462890625
7221,398.1556396484375
7222,408.9064636230469
7223,325.6222839355469
7224,401.5496826171875
7225,403.55322265625
7226,403.0897521972656
7227,396.17462158203125
7228,373.1031494140625
7229,401.87689208984375
7230,373.42559814453125
7231,418.6731262207031
7232,383.46917724609375
7233,416.54583740234375
7234,394.28936767578125
7235,403.0503845214844
7236,411.3424987792969
7237,391.29498291015625
7238,388.7550354003906
7239,384.1454772949219
7240,392.3021545410156
7241,408.68707275390625
7242,378.8806457519531
7243,388.865966796875
7244,421.64532470703125
7245,417.64013671875
7246,369.9095458984375
7247,371.5845642089844
7248,395.4973449707031
7249,394.0765075683594
7250,400.7715759277344
7251,394.3179016113281
7252,390.48065185546875
7253,424.6068115234375
7254,390.3584289550781
7255,374.8088073730469
7256,390.4588317871094
7257,374.49017333984375
7258,348.9759216308594
7259,376.25262451171875
7260,388.3739929199219
7261,362.7508850097656
7262,377.6571960449219
7263,394.8353271484375
7264,396.9199523925781
7265,365.7776794433594
7266,423.14373779296875
7267,379.71746826171875
7268,383.38482666015625
7269,371.3156433105469
7270,366.9423828125
7271,413.3631286621094
7272,389.4754943847656
7273,388.62939453125
7274,397.35833740234375
7275,392.20440673828125
7276,391.37347412109375
7277,394.2106018066406
7278,370.4909973144531
7279,395.0150146484375
7280,405.95166015625
7281,393.28485107421875
7282,411.9454650878906
7283,363.0451354980469
7284,404.2913818359375
7285,380.1944580078125
7286,391.0992736816406
7287,387.1199951171875
7288,384.1395263671875
7289,375.313232421875
7290,412.220947265625
7291,418.67083740234375
7292,402.3360290527344
7293,359.8006591796875
7294,379.20025634765625
7295,378.0132141113281
7296,419.8148498535156
7297,385.1103515625
7298,402.12396240234375
7299,414.0760803222656
7300,415.6965637207031
7301,375.6787109375
7302,390.48138427734375
7303,412.7935485839844
7304,392.67010498046875
7305,412.29998779296875
7306,390.3792419433594
7307,397.04339599609375
7308,365.6190185546875
7309,397.6220397949219
7310,389.4605407714844
7311,385.8880615234375
7312,399.6311950683594
7313,399.0657043457031
7314,416.1442565917969
7315,392.25140380859375
7316,394.8861389160156
7317,396.4553527832031
7318,417.1468811035156
7319,402.1621398925781
7320,387.48663330078125
7321,405.0160217285156
7322,385.34735107421875
7323,414.2929382324219
7324,396.5027160644531
7325,426.4157409667969
7326,427.168212890625
7327,400.85321044921875
7328,389.0013732910156
7329,379.99249267578125
7330,435.7118835449219
7331,392.9485778808594
7332,406.4826965332031
7333,437.8881530761719
7334,393.7082824707031
7335,417.2625427246094
7336,389.29779052734375
7337,408.6408386230469
7338,390.74847412109375
7339,442.26837158203125
7340,362.0771484375
7341,422.6116027832031
7342,393.83935546875
7343,407.7763671875
7344,386.119384765625
7345,386.7223205566406
7346,420.8544921875
7347,410.4551696777344
7348,361.96923828125
7349,399.0913391113281
7350,427.2341003417969
7351,381.0997009277344
7352,358.3365173339844
7353,420.68572998046875
7354,386.0716857910156
7355,426.8455810546875
7356,412.6140441894531
7357,388.3220520019531
7358,413.396484375
7359,409.37298583984375
7360,412.2020568847656
7361,380.39886474609375
7362,424.3583679199219
7363,420.80633544921875
7364,403.4200744628906
7365,415.78717041015625
7366,401.88397216796875
7367,396.971435546875
7368,401.2836608886719
7369,428.8692321777344
7370,429.46844482421875
7371,424.677978515625
7372,365.0189514160156
7373,423.3813171386719
7374,422.67474365234375
7375,420.41363525390625
7376,422.1571350097656
7377,428.23291015625
7378,382.1875305175781
7379,378.9820861816406
7380,414.3694763183594
7381,380.254150390625
7382,414.4305725097656
7383,428.22491455078125
7384,414.7808532714844
7385,404.12091064453125
7386,397.84912109375
7387,386.2298889160156
7388,401.4732971191406
7389,402.765625
7390,405.1963195800781
7391,429.33990478515625
7392,412.15411376953125
7393,384.74810791015625
7394,418.685546875
7395,404.34222412109375
7396,432.58404541015625
7397,424.20819091796875
7398,389.8454895019531
7399,389.4092102050781
7400,411.5872802734375
7401,406.5201416015625
7402,414.25628662109375
7403,361.6385192871094
7404,421.54095458984375
7405,422.37445068359375
7406,394.4062805175781
7407,389.57318115234375
7408,413.0628662109375
7409,408.7472229003906
7410,408.0830993652344
7411,429.602294921875
7412,379.2160949707031
7413,404.5906982421875
7414,418.2746887207031
7415,383.90179443359375
7416,371.6478271484375
7417,443.889892578125
7418,402.6692810058594
7419,411.389892578125
7420,418.51263427734375
7421,398.6637268066406
7422,411.8133544921875
7423,406.559814453125
7424,400.26025390625
7425,407.17755126953125
7426,410.32257080078125
7427,419.76983642578125
7428,389.66180419921875
7429,411.34051513671875
7430,401.828125
7431,436.08001708984375
7432,426.5654296875
7433,414.40411376953125
7434,377.6917419433594
7435,427.447998046875
7436,405.1037902832031
7437,399.5063781738281
7438,425.9757995605469
7439,408.737060546875
7440,390.8443603515625
7441,370.053955078125
7442,413.0155029296875
7443,300.2250061035156
7444,410.96044921875
7445,407.1416931152344
7446,423.4895935058594
7447,396.4270935058594
7448,394.3329162597656
7449,371.1278381347656
7450,376.9493408203125
7451,423.32989501953125
7452,438.8536682128906
7453,417.7106018066406
7454,316.68719482421875
7455,432.0069274902344
7456,361.71429443359375
7457,393.8418884277344
7458,420.718994140625
7459,401.3913269042969
7460,399.0176086425781
7461,365.4140625
7462,366.2197570800781
7463,407.4046630859375
7464,405.52496337890625
7465,399.13250732421875
7466,373.943359375
7467,408.0331115722656
7468,412.2362976074219
7469,413.9534606933594
7470,420.2468566894531
7471,377.5554504394531
7472,373.7417297363281
7473,399.9674072265625
7474,425.6029357910156
7475,398.1325988769531
7476,421.5490417480469
7477,343.3692626953125
7478,386.0196228027344
7479,410.25250244140625
7480,385.80206298828125
7481,400.02178955078125
7482,434.8409118652344
7483,422.2479553222656
7484,417.2317810058594
7485,396.6583251953125
7486,381.01519775390625
7487,423.54888916015625
7488,394.6481628417969
7489,405.9600524902344
7490,400.3696594238281
7491,426.1253662109375
7492,382.08184814453125
7493,394.17694091796875
7494,385.988037109375
7495,372.64385986328125
7496,388.316162109375
7497,400.76971435546875
7498,415.4892883300781
7499,375.51727294921875
7500,387.39068603515625
7501,406.0225830078125
7502,392.06494140625
7503,386.60601806640625
7504,426.1839904785156
7505,392.36688232421875
7506,337.49310302734375
7507,413.9512634277344
7508,389.48687744140625
7509,408.4131774902344
7510,410.4939880371094
7511,377.8026123046875
7512,425.80145263671875
7513,382.826171875
7514,422.024169921875
7515,400.81829833984375
7516,361.59088134765625
7517,357.870849609375
7518,367.30914306640625
7519,411.83978271484375
7520,359.7565612792969
7521,420.88946533203125
7522,401.8551330566406
7523,337.02606201171875
7524,420.12884521484375
7525,419.8280029296875
7526,407.0569152832031
7527,404.4891357421875
7528,358.256591796875
7529,401.12860107421875
7530,343.5293884277344
7531,400.08544921875
7532,411.30706787109375
7533,412.04803466796875
7534,400.84393310546875
7535,402.18084716796875
7536,404.74639892578125
7537,397.2998962402344
7538,421.8245849609375
7539,420.2770690917969
7540,424.1988220214844
7541,418.1885681152344
7542,371.4366760253906
7543,420.1547546386719
7544,419.5614929199219
7545,398.6500244140625
7546,411.4498596191406
7547,416.1064453125
7548,399.6805725097656
7549,400.8710021972656
7550,397.3651123046875
7551,436.5207214355469
7552,429.0938415527344
7553,393.4550476074219
7554,390.18280029296875
7555,388.94696044921875
7556,360.6604919433594
7557,413.4372253417969
7558,399.14801025390625
7559,400.3450622558594
7560,380.6600341796875
7561,405.3727722167969
7562,378.743408203125
7563,359.7811584472656
7564,388.99395751953125
7565,405.62408447265625
7566,411.0888366699219
7567,439.6297912597656
7568,400.3374328613281
7569,410.3379211425781
7570,378.3697814941406
7571,412.8410949707031
7572,407.5339050292969
7573,417.12579345703125
7574,399.6250915527344
7575,397.5029602050781
7576,413.67523193359375
7577,413.4889221191406
7578,430.4568786621094
7579,410.2835693359375
7580,425.97882080078125
7581,375.87591552734375
7582,388.1475830078125
7583,384.2726745605469
7584,426.9823913574219
7585,384.81085205078125
7586,386.51666259765625
7587,417.8213195800781
7588,418.6360778808594
7589,410.6940612792969
7590,395.9561767578125
7591,408.17913818359375
7592,394.0350036621094
7593,417.3545227050781
7594,426.70660400390625
7595,401.0325927734375
7596,401.9698181152344
7597,406.20703125
7598,392.7896423339844
7599,423.4005432128906
7600,382.0798034667969
7601,415.563232421875
7602,371.8054504394531
7603,411.3503723144531
7604,402.41595458984375
7605,414.16632080078125
7606,411.6165466308594
7607,431.75384521484375
7608,423.17230224609375
7609,397.9960021972656
7610,414.365234375
7611,357.0553894042969
7612,427.7394104003906
7613,400.03839111328125
7614,376.822265625
7615,411.5068664550781
7616,367.90106201171875
7617,396.7789306640625
7618,389.123046875
7619,380.7911376953125
7620,391.7740783691406
7621,402.0330810546875
7622,368.546142578125
7623,406.0054931640625
7624,399.6160888671875
7625,405.443603515625
7626,361.8966979980469
7627,410.334716796875
7628,333.24749755859375
7629,412.4624328613281
7630,404.3145446777344
7631,265.28515625
7632,409.9891357421875
7633,404.2117919921875
7634,383.922607421875
7635,436.4671936035156
7636,386.6072692871094
7637,428.6717224121094
7638,285.611572265625
7639,424.43658447265625
7640,365.3025207519531
7641,411.24432373046875
7642,390.02154541015625
7643,428.8343811035156
7644,428.4742736816406
7645,424.7976379394531
7646,365.28326416015625
7647,401.4688415527344
7648,395.9640197753906
7649,428.5975341796875
7650,400.3929138183594
7651,423.68267822265625
7652,410.9895324707031
7653,402.4314880371094
7654,320.6899719238281
7655,380.7328796386719
7656,414.70306396484375
7657,375.69427490234375
7658,405.05072021484375
7659,391.3966369628906
7660,390.5988464355469
7661,416.1407470703125
7662,396.1561584472656
7663,414.13275146484375
7664,430.7051696777344
7665,363.2989196777344
7666,407.4410400390625
7667,387.83953857421875
7668,389.8200378417969
7669,398.3080139160156
7670,396.2110595703125
7671,399.324462890625
7672,410.944091796875
7673,395.81365966796875
7674,393.1634521484375
7675,405.4650573730469
7676,407.50347900390625
7677,407.6842346191406
7678,399.7096862792969
7679,400.4246826171875
7680,423.17205810546875
7681,350.3575439453125
7682,407.2025451660156
7683,410.31512451171875
7684,387.36883544921875
7685,382.09490966796875
7686,395.0213317871094
7687,397.9406433105469
7688,371.6004638671875
7689,404.0469055175781
7690,396.1531982421875
7691,411.3617248535156
7692,391.40631103515625
7693,402.0979919433594
7694,277.3064880371094
7695,409.6198425292969
7696,363.83233642578125
7697,403.52899169921875
7698,418.36895751953125
7699,397.57806396484375
7700,264.3256530761719
7701,390.753662109375
7702,411.1078186035156
7703,360.7439880371094
7704,252.69908142089844
7705,386.8892822265625
7706,375.7745361328125
7707,417.4004211425781
7708,390.03253173828125
7709,379.13934326171875
7710,398.7790832519531
7711,420.6996154785156
7712,397.23822021484375
7713,411.17108154296875
7714,409.68377685546875
7715,420.62384033203125
7716,404.18133544921875
7717,405.5954284667969
7718,389.4739074707031
7719,397.82196044921875
7720,387.73858642578125
7721,412.2899475097656
7722,402.6519775390625
7723,365.05938720703125
7724,397.7193908691406
7725,382.7644958496094
7726,399.21221923828125
7727,384.0781555175781
7728,412.7837219238281
7729,359.45843505859375
7730,419.9812316894531
7731,416.18927001953125
7732,398.1125183105469
7733,341.0569763183594
7734,392.4437561035156
7735,406.3678283691406
7736,403.6534423828125
7737,385.6126708984375
7738,391.12982177734375
7739,400.9827880859375
7740,340.9222412109375
7741,363.67730712890625
7742,415.3436584472656
7743,374.48406982421875
7744,397.4053955078125
7745,353.5915222167969
7746,387.7077331542969
7747,358.4527893066406
7748,398.62286376953125
7749,404.5018615722656
7750,356.8772277832031
7751,398.7991638183594
7752,399.8332214355469
7753,399.9195251464844
7754,374.2658996582031
7755,366.6404113769531
7756,367.8460998535156
7757,417.0557861328125
7758,433.6219787597656
7759,391.8540344238281
7760,364.1208190917969
7761,390.8861389160156
7762,391.580078125
7763,406.0450134277344
7764,419.3533020019531
7765,422.7549133300781
7766,411.785400390625
7767,391.93536376953125
7768,375.58258056640625
7769,446.6463928222656
7770,342.5875244140625
7771,415.4076232910156
7772,395.01654052734375
7773,378.7987976074219
7774,407.6982727050781
7775,431.1249084472656
7776,411.135009765625
7777,417.7881164550781
7778,441.8724365234375
7779,403.9121398925781
7780,409.5621032714844
7781,402.1607360839844
7782,373.0339050292969
7783,429.7012023925781
7784,410.442626953125
7785,326.8766174316406
7786,386.1426086425781
7787,406.4067687988281
7788,415.3286437988281
7789,414.23321533203125
7790,411.41741943359375
7791,416.1189270019531
7792,398.18157958984375
7793,385.8700256347656
7794,410.1335754394531
7795,369.4049377441406
7796,392.6153869628906
7797,390.2213439941406
7798,398.5459289550781
7799,391.1368713378906
7800,399.8209533691406
7801,405.0187683105469
7802,400.1977844238281
7803,368.8011169433594
7804,375.0522155761719
7805,408.1267395019531
7806,379.55224609375
7807,376.9162902832031
7808,364.721923828125
7809,422.4061279296875
7810,385.454833984375
7811,401.6050109863281
7812,413.484130859375
7813,399.4253234863281
7814,385.6717529296875
7815,420.69525146484375
7816,383.0273742675781
7817,384.81890869140625
7818,403.3625793457031
7819,401.49188232421875
7820,409.8294677734375
7821,403.6549072265625
7822,405.75030517578125
7823,411.6833190917969
7824,404.5700378417969
7825,405.544921875
7826,418.5408020019531
7827,404.84149169921875
7828,397.2210693359375
7829,412.0908203125
7830,418.72894287109375
7831,353.9636535644531
7832,393.2734680175781
7833,398.0578308105469
7834,353.2850646972656
7835,411.5858459472656
7836,400.5207824707031
7837,395.0599365234375
7838,402.01483154296875
7839,375.40435791015625
7840,402.38385009765625
7841,419.0278625488281
7842,384.55731201171875
7843,344.0677185058594
7844,426.0717468261719
7845,422.3524169921875
7846,375.68804931640625
7847,398.5409240722656
7848,431.59063720703125
7849,400.27508544921875
7850,396.9984130859375
7851,397.73876953125
7852,412.51898193359375
7853,406.1811828613281
7854,406.9150695800781
7855,399.4018859863281
7856,393.9809875488281
7857,371.2102355957031
7858,399.4217834472656
7859,426.7707824707031
7860,377.7831726074219
7861,407.7190856933594
7862,389.6207580566406
7863,399.1538391113281
7864,422.9230651855469
7865,385.9000549316406
7866,396.12762451171875
7867,401.62603759765625
7868,408.56817626953125
7869,396.91656494140625
7870,347.0315246582031
7871,361.07379150390625
7872,378.9848327636719
7873,386.3413391113281
7874,403.51702880859375
7875,380.8099060058594
7876,407.7933654785156
7877,419.6785888671875
7878,404.9253845214844
7879,392.447021484375
7880,401.79541015625
7881,404.2282409667969
7882,400.46240234375
7883,428.9250183105469
7884,373.1549377441406
7885,367.29693603515625
7886,376.848876953125
7887,399.52557373046875
7888,409.4913330078125
7889,413.6993103027344
7890,405.48956298828125
7891,409.918212890625
7892,349.357177734375
7893,402.60272216796875
7894,402.2078552246094
7895,419.561279296875
7896,418.63702392578125
7897,373.44671630859375
7898,398.528076171875
7899,382.2916259765625
7900,395.0731506347656
7901,403.5732727050781
7902,388.58880615234375
7903,377.5953674316406
7904,387.3340759277344
7905,326.6836853027344
7906,388.4602355957031
7907,410.53778076171875
7908,400.6621398925781
7909,388.59393310546875
7910,410.4894104003906
7911,398.79449462890625
7912,412.7554626464844
7913,380.1829833984375
7914,372.7333068847656
7915,346.6617126464844
7916,412.6203308105469
7917,403.3476867675781
7918,402.8223571777344
7919,397.3527526855469
7920,394.6787414550781
7921,409.1175842285156
7922,397.0683288574219
7923,393.051513671875
7924,418.157958984375
7925,412.58245849609375
7926,410.7682800292969
7927,409.65997314453125
7928,406.0380554199219
7929,374.48150634765625
7930,404.86627197265625
7931,410.6436462402344
7932,398.84869384765625
7933,339.4721374511719
7934,377.324462890625
7935,402.4109802246094
7936,404.58648681640625
7937,399.6540222167969
7938,409.29571533203125
7939,394.5498962402344
7940,408.1615905761719
7941,401.6710205078125
7942,385.94293212890625
7943,400.2321472167969
7944,397.879150390625
7945,398.536865234375
7946,373.7552795410156
7947,374.5383605957031
7948,412.0894470214844
7949,409.0903015136719
7950,390.41204833984375
7951,409.4760437011719
7952,381.9021911621094
7953,405.0415954589844
7954,391.7632751464844
7955,401.6893615722656
7956,376.8868103027344
7957,411.99139404296875
7958,403.00341796875
7959,364.9986877441406
7960,394.1590576171875
7961,398.61151123046875
7962,380.1277160644531
7963,402.7641906738281
7964,390.1694030761719
7965,403.82501220703125
7966,392.2786865234375
7967,397.9452209472656
7968,410.1275634765625
7969,388.9573974609375
7970,422.7033386230469
7971,397.3643798828125
7972,403.84295654296875
7973,404.7899475097656
7974,403.68524169921875
7975,362.4428405761719
7976,394.69189453125
7977,345.255859375
7978,416.1941223144531
7979,372.1952209472656
7980,366.33831787109375
7981,373.16217041015625
7982,419.8641357421875
7983,363.5948791503906
7984,420.7496032714844
7985,357.6214599609375
7986,409.6524658203125
7987,394.6109924316406
7988,415.9289245605469
7989,392.5914611816406
7990,390.4899597167969
7991,417.4839782714844
7992,380.61474609375
7993,395.63116455078125
7994,411.2570495605469
7995,410.00103759765625
7996,408.72100830078125
7997,404.26361083984375
7998,399.1265563964844
7999,422.2151184082031
8000,411.97076416015625
8001,403.95941162109375
8002,392.7298278808594
8003,378.1833190917969
8004,380.6211242675781
8005,412.9588928222656
8006,392.4432373046875
8007,410.6501159667969
8008,409.8519287109375
8009,380.9329833984375
8010,416.59161376953125
8011,421.3540344238281
8012,403.00164794921875
8013,356.56201171875
8014,398.7640686035156
8015,394.2138366699219
8016,387.9376525878906
8017,399.05316162109375
8018,393.3811340332031
8019,375.77655029296875
8020,418.8390808105469
8021,409.28118896484375
8022,387.1639099121094
8023,411.6363525390625
8024,414.6966247558594
8025,390.02423095703125
8026,399.9906921386719
8027,407.88134765625
8028,409.73480224609375
8029,408.55072021484375
8030,400.0621643066406
8031,411.34283447265625
8032,410.5238342285156
8033,390.63427734375
8034,423.7954406738281
8035,405.2215576171875
8036,387.63067626953125
8037,386.6810302734375
8038,378.1319885253906
8039,410.569580078125
8040,406.55560302734375
8041,408.9895324707031
8042,384.33416748046875
8043,392.0180969238281
8044,383.5973205566406
8045,396.0070495605469
8046,393.56964111328125
8047,411.5927429199219
8048,390.0476379394531
8049,412.90081787109375
8050,371.65228271484375
8051,415.0115966796875
8052,426.34710693359375
8053,408.0596618652344
8054,396.0899963378906
8055,426.234619140625
8056,423.1470642089844
8057,433.193603515625
8058,395.3924255371094
8059,388.7703552246094
8060,403.65765380859375
8061,400.43060302734375
8062,423.61834716796875
8063,405.6792907714844
8064,403.5625
8065,424.1408386230469
8066,400.2120666503906
8067,387.2172546386719
8068,440.64300537109375
8069,382.9434509277344
8070,419.5514221191406
8071,384.2433776855469
8072,428.7707824707031
8073,410.2203369140625
8074,427.6719970703125
8075,395.8067626953125
8076,371.8099060058594
8077,415.9150085449219
8078,380.0572204589844
8079,403.8578796386719
8080,423.7405090332031
8081,395.11041259765625
8082,420.1076354980469
8083,426.97412109375
8084,396.2557678222656
8085,405.8246765136719
8086,401.7132873535156
8087,393.6448059082031
8088,389.9280090332031
8089,402.5566101074219
8090,379.7797546386719
8091,412.24285888671875
8092,422.2132263183594
8093,406.4914855957031
8094,388.5364685058594
8095,430.6536865234375
8096,378.0237121582031
8097,381.336181640625
8098,374.6532897949219
8099,417.0030822753906
8100,376.5220642089844
8101,307.864990234375
8102,398.1580810546875
8103,389.0424499511719
8104,415.5870056152344
8105,411.7218322753906
8106,430.5058288574219
8107,387.1889343261719
8108,384.1527404785156
8109,408.855712890625
8110,397.70501708984375
8111,396.0962829589844
8112,415.47845458984375
8113,412.4678039550781
8114,402.14434814453125
8115,392.5650329589844
8116,362.06396484375
8117,409.7979431152344
8118,392.1423645019531
8119,396.75482177734375
8120,389.0252380371094
8121,398.13873291015625
8122,411.4580383300781
8123,404.84857177734375
8124,381.0970458984375
8125,388.9154968261719
8126,422.3785400390625
8127,389.1223449707031
8128,388.6972961425781
8129,409.522216796875
8130,368.00653076171875
8131,399.59906005859375
8132,413.49285888671875
8133,428.42681884765625
8134,376.9659729003906
8135,409.8080139160156
8136,377.1804504394531
8137,393.6108703613281
8138,322.33026123046875
8139,381.4867248535156
8140,405.4547424316406
8141,399.8995666503906
8142,394.7240905761719
8143,397.08258056640625
8144,413.32977294921875
8145,380.3970642089844
8146,416.7605895996094
8147,296.81756591796875
8148,383.9833984375
8149,379.2288818359375
8150,398.0277099609375
8151,418.05755615234375
8152,390.3735656738281
8153,376.9673156738281
8154,383.98626708984375
8155,399.7542419433594
8156,398.6172180175781
8157,394.44482421875
8158,380.2394714355469
8159,412.1890563964844
8160,398.1995544433594
8161,391.3205871582031
8162,415.546875
8163,396.04193115234375
8164,405.60443115234375
8165,390.63848876953125
8166,392.9354553222656
8167,388.3060302734375
8168,398.93292236328125
8169,429.27557373046875
8170,395.6319885253906
8171,378.592041015625
8172,384.4193115234375
8173,363.5967102050781
8174,388.011474609375
8175,396.47650146484375
8176,379.63067626953125
8177,401.12042236328125
8178,394.00115966796875
8179,399.764404296875
8180,382.4175720214844
8181,386.1438903808594
8182,388.31048583984375
8183,405.08258056640625
8184,292.9842529296875
8185,392.8651428222656
8186,393.0490417480469
8187,402.59619140625
8188,388.32830810546875
8189,400.4671936035156
8190,392.8516845703125
8191,400.36395263671875
8192,385.9538879394531
8193,391.4718017578125
8194,393.1235656738281
8195,375.8286437988281
8196,378.8078308105469
8197,408.61572265625
8198,361.7454528808594
8199,398.4679870605469
8200,402.0627136230469
8201,396.3531799316406
8202,392.2198181152344
8203,373.9682312011719
8204,417.6998596191406
8205,401.38641357421875
8206,390.4863586425781
8207,418.44366455078125
8208,396.4800720214844
8209,388.45465087890625
8210,388.7872314453125
8211,401.0914611816406
8212,375.4593200683594
8213,398.541748046875
8214,406.31329345703125
8215,399.37933349609375
8216,364.7711181640625
8217,402.5301818847656
8218,374.6631164550781
8219,409.6721496582031
8220,406.4512634277344
8221,390.53753662109375
8222,397.8399658203125
8223,390.0070495605469
8224,396.7815856933594
8225,321.2408447265625
8226,375.5211486816406
8227,409.3955993652344
8228,404.21600341796875
8229,401.57421875
8230,397.4494934082031
8231,383.2640686035156
8232,413.7998046875
8233,385.0129089355469
8234,386.6916809082031
8235,410.472412109375
8236,323.3770446777344
8237,402.8969421386719
8238,387.6498107910156
8239,374.7154541015625
8240,403.56298828125
8241,394.80303955078125
8242,402.2782287597656
8243,421.43682861328125
8244,413.8537292480469
8245,371.1830139160156
8246,399.2697448730469
8247,408.9833068847656
8248,384.23809814453125
8249,397.4683837890625
8250,392.46630859375
8251,361.8436584472656
8252,403.2090148925781
8253,400.083984375
8254,402.4446105957031
8255,344.91259765625
8256,351.0578308105469
8257,420.912109375
8258,411.6996765136719
8259,382.0418701171875
8260,394.7471923828125
8261,424.44818115234375
8262,378.7950439453125
8263,412.9340515136719
8264,431.3787536621094
8265,406.0749816894531
8266,415.7000732421875
8267,407.3226318359375
8268,394.2067565917969
8269,414.09027099609375
8270,385.4958801269531
8271,416.4294738769531
8272,436.3852844238281
8273,438.09967041015625
8274,408.522216796875
8275,403.3782043457031
8276,417.6376647949219
8277,440.09033203125
8278,440.1724548339844
8279,425.62457275390625
8280,417.56109619140625
8281,424.71331787109375
8282,412.45355224609375
8283,400.94085693359375
8284,408.3664245605469
8285,436.6264343261719
8286,390.71771240234375
8287,374.28692626953125
8288,398.7373352050781
8289,423.21478271484375
8290,431.36553955078125
8291,430.0181579589844
8292,435.8839111328125
8293,424.96710205078125
8294,422.5301208496094
8295,390.13226318359375
8296,429.2852783203125
8297,407.177490234375
8298,410.7213439941406
8299,393.6347961425781
8300,410.3160400390625
8301,402.2821044921875
8302,381.84088134765625
8303,385.326171875
8304,432.4678039550781
8305,422.9552307128906
8306,405.13287353515625
8307,398.5157165527344
8308,420.5454406738281
8309,410.95684814453125
8310,405.71441650390625
8311,418.0246276855469
8312,431.42864990234375
8313,428.633056640625
8314,417.1777038574219
8315,421.25958251953125
8316,437.1308898925781
8317,379.3856506347656
8318,406.9190368652344
8319,442.75848388671875
8320,394.2935485839844
8321,417.8564453125
8322,426.3162841796875
8323,419.2276611328125
8324,442.47271728515625
8325,412.9725341796875
8326,420.245361328125
8327,421.2985534667969
8328,391.6179504394531
8329,396.20684814453125
8330,431.7749328613281
8331,404.5970153808594
8332,401.7482604980469
8333,386.50537109375
8334,393.29498291015625
8335,441.3960266113281
8336,413.3287658691406
8337,415.7032775878906
8338,414.9278564453125
8339,414.0099182128906
8340,428.47943115234375
8341,420.7449035644531
8342,404.5829162597656
8343,419.3069152832031
8344,424.49542236328125
8345,418.7803955078125
8346,420.83203125
8347,396.5193786621094
8348,421.3597106933594
8349,403.7821350097656
8350,390.78631591796875
8351,425.3377380371094
8352,407.8941650390625
8353,404.4117126464844
8354,408.27447509765625
8355,403.91265869140625
8356,406.0832214355469
8357,419.25482177734375
8358,408.0495910644531
8359,403.2696838378906
8360,398.3603820800781
8361,412.4971923828125
8362,398.0119934082031
8363,388.2016906738281
8364,419.52020263671875
8365,389.6199035644531
8366,399.048095703125
8367,413.36712646484375
8368,415.5570983886719
8369,400.14385986328125
8370,423.129150390625
8371,422.954345703125
8372,391.5310974121094
8373,384.9703674316406
8374,406.711181640625
8375,383.4479675292969
8376,391.9466857910156
8377,395.26031494140625
8378,377.9396667480469
8379,409.6853332519531
8380,393.4081726074219
8381,386.8836669921875
8382,370.18328857421875
8383,396.9572448730469
8384,405.2685852050781
8385,400.2864685058594
8386,408.77001953125
8387,412.6398010253906
8388,363.4043884277344
8389,376.0400390625
8390,415.0860595703125
8391,392.3924865722656
8392,401.1636657714844
8393,404.83795166015625
8394,398.4178161621094
8395,410.274169921875
8396,404.9906311035156
8397,394.69671630859375
8398,419.5292053222656
8399,379.3761901855469
8400,406.72589111328125
8401,395.08587646484375
8402,398.4315490722656
8403,392.0380554199219
8404,359.6917724609375
8405,417.8361511230469
8406,403.1377258300781
8407,385.8880615234375
8408,425.3480529785156
8409,401.26666259765625
8410,409.6872863769531
8411,380.00543212890625
8412,406.265869140625
8413,387.94189453125
8414,419.2533264160156
8415,413.6539001464844
8416,394.05035400390625
8417,374.19500732421875
8418,363.345947265625
8419,365.1391296386719
8420,379.89404296875
8421,385.6143798828125
8422,390.3403015136719
8423,364.131103515625
8424,409.61651611328125
8425,371.69183349609375
8426,401.39117431640625
8427,388.2274475097656
8428,389.0806884765625
8429,377.35443115234375
8430,413.1788635253906
8431,419.0174865722656
8432,383.9041748046875
8433,394.8749694824219
8434,380.3148193359375
8435,376.86590576171875
8436,396.7484436035156
8437,375.71710205078125
8438,400.4792785644531
8439,416.5041198730469
8440,373.0910949707031
8441,407.6513671875
8442,415.7425231933594
8443,412.99859619140625
8444,390.9504699707031
8445,380.09259033203125
8446,394.6974792480469
8447,429.922119140625
8448,402.42669677734375
8449,402.82073974609375
8450,409.4276123046875
8451,388.40545654296875
8452,400.3735656738281
8453,401.8779602050781
8454,398.8711242675781
8455,408.17828369140625
8456,411.7784729003906
8457,409.5003662109375
8458,391.7698059082031
8459,350.39813232421875
8460,401.5270690917969
8461,359.8951416015625
8462,390.5231628417969
8463,386.6656799316406
8464,409.8702697753906
8465,343.6691589355469
8466,407.3627624511719
8467,415.97967529296875
8468,407.3971862792969
8469,402.5821533203125
8470,427.51751708984375
8471,394.3920593261719
8472,376.4961242675781
8473,400.0513000488281
8474,420.80615234375
8475,380.7684020996094
8476,393.5893859863281
8477,428.5902404785156
8478,392.960205078125
8479,394.4079284667969
8480,399.3104248046875
8481,388.2124328613281
8482,349.4822692871094
8483,391.73162841796875
8484,399.7897644042969
8485,402.7785949707031
8486,408.6449890136719
8487,418.53338623046875
8488,398.04986572265625
8489,384.421142578125
8490,377.925537109375
8491,412.8659362792969
8492,380.46258544921875
8493,402.64422607421875
8494,414.6938781738281
8495,379.9654235839844
8496,424.51953125
8497,397.8801574707031
8498,414.7320861816406
8499,398.7755126953125
8500,386.99578857421875
8501,423.1358642578125
8502,400.5871276855469
8503,399.38641357421875
8504,416.20501708984375
8505,407.0856018066406
8506,397.8544921875
8507,159.6437225341797
8508,387.5215148925781
8509,384.16400146484375
8510,392.49273681640625
8511,351.1347351074219
8512,384.4016418457031
8513,391.316650390625
8514,334.0310363769531
8515,398.82037353515625
8516,222.4110565185547
8517,392.7423095703125
8518,391.4682922363281
8519,352.9244079589844
8520,415.5058898925781
8521,378.4958801269531
8522,410.35888671875
8523,199.037841796875
8524,398.52264404296875
8525,415.7257995605469
8526,391.1735534667969
8527,386.03765869140625
8528,381.8905944824219
8529,392.0268249511719
8530,384.90277099609375
8531,393.9535827636719
8532,403.2185363769531
8533,411.0047302246094
8534,397.3167724609375
8535,402.40032958984375
8536,390.0440673828125
8537,404.0381164550781
8538,421.1820373535156
8539,388.5649108886719
8540,399.34454345703125
8541,381.16339111328125
8542,408.9267578125
8543,377.6475830078125
8544,358.8847961425781
8545,351.70550537109375
8546,366.3189392089844
8547,386.29278564453125
8548,419.1689758300781
8549,394.4966125488281
8550,397.8006896972656
8551,411.54803466796875
8552,371.3702697753906
8553,395.0650329589844
8554,360.328857421875
8555,389.0109558105469
8556,390.142822265625
8557,380.80938720703125
8558,414.0140686035156
8559,416.5191650390625
8560,412.2922058105469
8561,416.2066345214844
8562,400.52374267578125
8563,406.2735900878906
8564,403.69647216796875
8565,414.14044189453125
8566,398.76568603515625
8567,402.5948791503906
8568,395.80621337890625
8569,409.2695617675781
8570,408.6849670410156
8571,398.7450866699219
8572,407.650390625
8573,370.4632568359375
8574,401.74310302734375
8575,400.5301818847656
8576,386.03369140625
8577,415.7652282714844
8578,390.34869384765625
8579,406.06414794921875
8580,408.8974914550781
8581,384.1376647949219
8582,396.03839111328125
8583,395.3748779296875
8584,371.01068115234375
8585,376.37060546875
8586,374.7515869140625
8587,385.4618835449219
8588,396.0472106933594
8589,405.56304931640625
8590,388.5389404296875
8591,416.9156799316406
8592,393.4010314941406
8593,408.4649658203125
8594,417.0986633300781
8595,375.8854064941406
8596,387.2660217285156
8597,403.5027770996094
8598,362.9775085449219
8599,395.7828063964844
8600,387.059814453125
8601,403.0263671875
8602,407.03466796875
8603,415.6446228027344
8604,394.6720886230469
8605,402.2139587402344
8606,380.1478271484375
8607,358.1379089355469
8608,386.3887023925781
8609,413.7111511230469
8610,358.4247131347656
8611,402.24139404296875
8612,370.6732177734375
8613,389.0710144042969
8614,395.38714599609375
8615,390.77569580078125
8616,375.89300537109375
8617,374.6062927246094
8618,379.8271789550781
8619,394.9625549316406
8620,387.94091796875
8621,379.6920471191406
8622,390.4189147949219
8623,385.3590087890625
8624,393.03125
8625,410.732421875
8626,377.5782775878906
8627,406.9042663574219
8628,387.4714660644531
8629,414.90411376953125
8630,390.33758544921875
8631,396.5466003417969
8632,395.5535583496094
8633,394.6514892578125
8634,388.0479431152344
8635,377.9090576171875
8636,383.3656311035156
8637,390.4390869140625
8638,383.7806396484375
8639,369.6447448730469
8640,362.9883117675781
8641,418.0683288574219
8642,377.41668701171875
8643,385.5862121582031
8644,394.10247802734375
8645,391.68896484375
8646,383.2240905761719
8647,392.27130126953125
8648,372.20111083984375
8649,403.0093688964844
8650,388.8534851074219
8651,396.9369812011719
8652,368.93145751953125
8653,394.73931884765625
8654,368.70233154296875
8655,376.7232971191406
8656,381.5071716308594
8657,358.8973388671875
8658,364.36224365234375
8659,390.1865234375
8660,397.7120666503906
8661,388.2474060058594
8662,390.78131103515625
8663,399.1508483886719
8664,378.930419921875
8665,348.99053955078125
8666,214.5105743408203
8667,355.42041015625
8668,390.08837890625
8669,393.8052978515625
8670,378.3429260253906
8671,384.1976013183594
8672,394.1159973144531
8673,253.66558837890625
8674,389.38055419921875
8675,378.82366943359375
8676,377.1473083496094
8677,340.2763977050781
8678,396.6474609375
8679,383.7635498046875
8680,354.8699645996094
8681,383.00042724609375
8682,402.5009765625
8683,356.07275390625
8684,393.025634765625
8685,384.1051330566406
8686,337.6378173828125
8687,376.037353515625
8688,386.1625061035156
8689,391.2113952636719
8690,401.6227111816406
8691,369.0219421386719
8692,377.6761474609375
8693,240.93186950683594
8694,387.5372619628906
8695,357.5530090332031
8696,351.646240234375
8697,379.7939453125
8698,405.3127136230469
8699,352.3377685546875
8700,384.11083984375
8701,392.7748718261719
8702,365.04644775390625
8703,397.4615478515625
8704,392.62969970703125
8705,407.9393615722656
8706,386.4435729980469
8707,378.66229248046875
8708,386.987060546875
8709,390.8462829589844
8710,381.4008483886719
8711,377.8229064941406
8712,378.2096252441406
8713,385.6027526855469
8714,382.5227966308594
8715,390.74945068359375
8716,366.6363220214844
8717,359.95001220703125
8718,372.29742431640625
8719,368.75457763671875
8720,417.6263122558594
8721,401.72735595703125
8722,375.9220275878906
8723,388.00860595703125
8724,378.2566833496094
8725,398.41754150390625
8726,361.46636962890625
8727,397.921142578125
8728,390.0610046386719
8729,393.6791076660156
8730,393.2700500488281
8731,392.2273864746094
8732,396.0577697753906
8733,395.20361328125
8734,401.4138488769531
8735,400.8190002441406
8736,353.872314453125
8737,380.2674255371094
8738,402.0092468261719
8739,390.28570556640625
8740,322.9206237792969
8741,394.96759033203125
8742,389.3998107910156
8743,366.3379211425781
8744,422.28741455078125
8745,346.5232238769531
8746,394.3467712402344
8747,369.7361145019531
8748,380.5068359375
8749,396.48712158203125
8750,383.9619140625
8751,382.8233642578125
8752,386.9307556152344
8753,393.83880615234375
8754,374.19122314453125
8755,404.1268310546875
8756,380.072021484375
8757,379.08587646484375
8758,380.1824951171875
8759,430.16729736328125
8760,394.4148254394531
8761,414.2510070800781
8762,393.2217102050781
8763,419.3407287597656
8764,398.7716979980469
8765,401.0994567871094
8766,402.5673522949219
8767,411.76947021484375
8768,419.2005310058594
8769,409.3500061035156
8770,408.6619873046875
8771,397.7192077636719
8772,393.6709289550781
8773,387.26275634765625
8774,419.3624267578125
8775,387.0171813964844
8776,406.5955810546875
8777,313.2203063964844
8778,405.33404541015625
8779,389.109619140625
8780,391.1383056640625
8781,427.37554931640625
8782,417.14697265625
8783,400.0039978027344
8784,399.2447814941406
8785,382.36492919921875
8786,426.01165771484375
8787,376.6962585449219
8788,390.0838928222656
8789,413.2931823730469
8790,418.6254577636719
8791,403.6846618652344
8792,396.2035217285156
8793,412.3048400878906
8794,356.59930419921875
8795,424.20751953125
8796,434.9534606933594
8797,427.59307861328125
8798,371.82470703125
8799,392.50860595703125
8800,390.4997863769531
8801,366.4989318847656
8802,420.23291015625
8803,403.7049560546875
8804,382.39288330078125
8805,393.2547607421875
8806,411.4118347167969
8807,402.2257385253906
8808,398.2226867675781
8809,422.05157470703125
8810,407.3335876464844
8811,429.67657470703125
8812,413.09075927734375
8813,426.6694641113281
8814,407.7689208984375
8815,427.87921142578125
8816,418.05926513671875
8817,404.35980224609375
8818,407.88299560546875
8819,417.91070556640625
8820,409.3447265625
8821,409.2720642089844
8822,430.54302978515625
8823,395.11834716796875
8824,381.7836608886719
8825,421.38372802734375
8826,400.6524353027344
8827,373.9499816894531
8828,423.767578125
8829,440.8065490722656
8830,438.6720275878906
8831,405.6097412109375
8832,404.85626220703125
8833,369.93353271484375
8834,434.2567138671875
8835,375.48431396484375
8836,415.2221374511719
8837,410.9217529296875
8838,440.30279541015625
8839,401.79498291015625
8840,421.1513671875
8841,397.42291259765625
8842,422.21728515625
8843,385.22845458984375
8844,415.3928527832031
8845,416.7682189941406
8846,393.0683288574219
8847,397.6043701171875
8848,442.0880432128906
8849,394.4468688964844
8850,417.2574462890625
8851,439.8950500488281
8852,411.12579345703125
8853,383.8304138183594
8854,417.92626953125
8855,418.869384765625
8856,405.47186279296875
8857,440.6555480957031
8858,416.4040222167969
8859,417.8409118652344
8860,382.4771423339844
8861,422.96112060546875
8862,412.0027160644531
8863,427.65057373046875
8864,422.8994445800781
8865,413.7182312011719
8866,415.2317199707031
8867,439.76312255859375
8868,385.389404296875
8869,430.51641845703125
8870,404.4353942871094
8871,402.69903564453125
8872,406.8530578613281
8873,403.7909851074219
8874,398.75152587890625
8875,398.56005859375
8876,433.2598876953125
8877,420.6006774902344
8878,422.4099426269531
8879,424.3369445800781
8880,418.2843933105469
8881,408.40924072265625
8882,407.704345703125
8883,417.4967956542969
8884,413.3349609375
8885,428.569091796875
8886,243.76089477539062
8887,457.5077209472656
8888,377.88458251953125
8889,426.5290832519531
8890,433.6143493652344
8891,453.56280517578125
8892,446.4476013183594
8893,440.6174011230469
8894,420.8836975097656
8895,414.7304992675781
8896,419.7344055175781
8897,423.2606506347656
8898,369.8314514160156
8899,392.5694580078125
8900,434.5776062011719
8901,427.8267822265625
8902,438.41290283203125
8903,399.8096618652344
8904,431.26513671875
8905,406.2358703613281
8906,406.7445068359375
8907,383.6862487792969
8908,393.0437316894531
8909,401.86077880859375
8910,410.87890625
8911,398.7274475097656
8912,436.3526306152344
8913,438.3712158203125
8914,419.7123107910156
8915,355.19921875
8916,428.8246154785156
8917,456.2486572265625
8918,410.93280029296875
8919,425.8997802734375
8920,426.7559814453125
8921,415.7801208496094
8922,432.58868408203125
8923,411.6397399902344
8924,429.83160400390625
8925,411.21820068359375
8926,396.0845642089844
8927,454.5887756347656
8928,348.81072998046875
8929,427.3362121582031
8930,420.6709899902344
8931,429.99334716796875
8932,432.60137939453125
8933,328.906005859375
8934,386.9864807128906
8935,387.2728576660156
8936,434.007080078125
8937,428.0399169921875
8938,422.2476501464844
8939,411.33026123046875
8940,432.379638671875
8941,395.92535400390625
8942,418.59161376953125
8943,414.09222412109375
8944,390.4254455566406
8945,436.71868896484375
8946,421.2030944824219
8947,380.13433837890625
8948,398.5685729980469
8949,421.0160217285156
8950,405.5379333496094
8951,394.2530822753906
8952,449.9053649902344
8953,357.10992431640625
8954,426.1744689941406
8955,410.3558044433594
8956,424.8246154785156
8957,371.8564758300781
8958,419.6290588378906
8959,373.67138671875
8960,377.79608154296875
8961,387.4322204589844
8962,403.5544738769531
8963,427.6265869140625
8964,381.1451110839844
8965,364.76544189453125
8966,403.1065979003906
8967,379.8069152832031
8968,422.43853759765625
8969,429.7225036621094
8970,368.2734680175781
8971,419.4773254394531
8972,430.9446105957031
8973,401.8083801269531
8974,423.4556884765625
8975,418.86822509765625
8976,443.41314697265625
8977,424.86572265625
8978,420.6716003417969
8979,407.30572509765625
8980,443.69378662109375
8981,417.9217529296875
8982,347.3372497558594
8983,429.476318359375
8984,419.2175598144531
8985,383.69024658203125
8986,418.2390441894531
8987,425.4194641113281
8988,395.9344787597656
8989,423.3755187988281
8990,422.8841857910156
8991,377.4905090332031
8992,417.6602783203125
8993,394.2618713378906
8994,422.5022277832031
8995,399.9263610839844
8996,382.9844970703125
8997,389.97314453125
8998,411.6697082519531
8999,411.8941650390625
9000,411.22454833984375
9001,388.10601806640625
9002,401.7650146484375
9003,396.8970947265625
9004,400.3612060546875
9005,408.260009765625
9006,377.25018310546875
9007,390.8411560058594
9008,412.41937255859375
9009,342.6429138183594
9010,424.3573303222656
9011,414.08660888671875
9012,378.8328857421875
9013,397.1956787109375
9014,379.8496398925781
9015,422.471923828125
9016,427.870361328125
9017,371.7615051269531
9018,396.70318603515625
9019,390.3250732421875
9020,372.73919677734375
9021,407.56024169921875
9022,399.0941162109375
9023,367.35498046875
9024,377.6080322265625
9025,395.92987060546875
9026,395.82330322265625
9027,381.1051025390625
9028,400.09735107421875
9029,400.79241943359375
9030,313.8004455566406
9031,362.4910583496094
9032,379.7688293457031
9033,401.9014587402344
9034,382.53472900390625
9035,425.7768249511719
9036,339.7781677246094
9037,405.4703369140625
9038,383.8667907714844
9039,376.1020812988281
9040,409.37548828125
9041,416.4338073730469
9042,389.32208251953125
9043,401.33392333984375
9044,380.6410217285156
9045,408.28692626953125
9046,374.1181945800781
9047,398.2994079589844
9048,362.0909729003906
9049,373.5460510253906
9050,393.6683349609375
9051,372.5954284667969
9052,422.1258239746094
9053,372.5207214355469
9054,403.6763916015625
9055,403.6318054199219
9056,360.5361022949219
9057,417.404052734375
9058,370.9228515625
9059,397.8316955566406
9060,378.0604248046875
9061,396.5922546386719
9062,397.37139892578125
9063,411.26287841796875
9064,377.5531311035156
9065,392.58642578125
9066,388.93853759765625
9067,399.6705322265625
9068,395.6985778808594
9069,409.274169921875
9070,423.47119140625
9071,406.82794189453125
9072,347.287353515625
9073,408.5527038574219
9074,380.53125
9075,391.57708740234375
9076,324.5210266113281
9077,389.70867919921875
9078,410.21124267578125
9079,375.30267333984375
9080,374.4432678222656
9081,408.2939453125
9082,360.4244689941406
9083,389.1382141113281
9084,424.30633544921875
9085,388.8486633300781
9086,391.4751892089844
9087,400.2969055175781
9088,414.43682861328125
9089,369.83770751953125
9090,401.63427734375
9091,415.0565490722656
9092,381.05535888671875
9093,417.48876953125
9094,408.823974609375
9095,406.8391418457031
9096,385.8530578613281
9097,407.3877258300781
9098,370.8573303222656
9099,381.2442321777344
9100,361.0755920410156
9101,395.553955078125
9102,390.12176513671875
9103,395.1741027832031
9104,393.42828369140625
9105,416.4091796875
9106,407.72021484375
9107,416.7456359863281
9108,400.8896179199219
9109,372.2769470214844
9110,406.54107666015625
9111,365.9128723144531
9112,398.8823547363281
9113,414.5943603515625
9114,407.5585632324219
9115,412.3257751464844
9116,346.00604248046875
9117,384.2796325683594
9118,405.9873962402344
9119,387.83306884765625
9120,426.3817443847656
9121,384.6866760253906
9122,395.9960632324219
9123,401.5854797363281
9124,386.6334533691406
9125,379.3671569824219
9126,382.80511474609375
9127,432.3175354003906
9128,397.9678649902344
9129,424.3863220214844
9130,389.1567077636719
9131,380.36053466796875
9132,407.50762939453125
9133,396.7259826660156
9134,355.9502868652344
9135,401.46954345703125
9136,342.0713806152344
9137,410.15655517578125
9138,412.2260437011719
9139,358.0386657714844
9140,395.94775390625
9141,351.6347961425781
9142,379.4733581542969
9143,383.4124755859375
9144,402.6624450683594
9145,436.12152099609375
9146,426.4497375488281
9147,357.9986877441406
9148,408.5467529296875
9149,403.7572021484375
9150,328.1103210449219
9151,371.16229248046875
9152,418.0304260253906
9153,405.24066162109375
9154,412.8672790527344
9155,390.8365478515625
9156,434.95672607421875
9157,405.9912109375
9158,379.92864990234375
9159,419.5048828125
9160,410.73553466796875
9161,363.3940734863281
9162,411.5570068359375
9163,412.1769104003906
9164,381.11767578125
9165,416.3900146484375
9166,431.4191589355469
9167,410.1524353027344
9168,399.1962890625
9169,379.195556640625
9170,392.04443359375
9171,396.4578552246094
9172,404.2998962402344
9173,388.0129089355469
9174,398.7865905761719
9175,402.8533935546875
9176,435.94866943359375
9177,394.88446044921875
9178,428.4554138183594
9179,357.6632995605469
9180,429.37445068359375
9181,371.8121337890625
9182,435.9318542480469
9183,422.4663391113281
9184,421.17431640625
9185,444.8487548828125
9186,403.15936279296875
9187,440.8131408691406
9188,412.1056823730469
9189,442.1297302246094
9190,431.103515625
9191,403.6441345214844
9192,413.6418762207031
9193,430.2505798339844
9194,393.9745788574219
9195,421.4927062988281
9196,411.11102294921875
9197,414.94384765625
9198,407.2416076660156
9199,418.0957336425781
9200,387.76898193359375
9201,388.4475402832031
9202,408.6569519042969
9203,389.2172546386719
9204,418.26458740234375
9205,417.95751953125
9206,422.6478576660156
9207,364.6436462402344
9208,418.1515197753906
9209,414.8092041015625
9210,379.964111328125
9211,375.7485046386719
9212,422.1455993652344
9213,405.72906494140625
9214,406.0106506347656
9215,393.9273986816406
9216,400.38189697265625
9217,398.9208984375
9218,423.2358093261719
9219,413.7228088378906
9220,385.32720947265625
9221,419.7332763671875
9222,425.25982666015625
9223,414.547119140625
9224,419.7459411621094
9225,416.74920654296875
9226,404.2037048339844
9227,387.6247253417969
9228,419.66729736328125
9229,372.6658935546875
9230,415.2394714355469
9231,380.3614807128906
9232,424.9285583496094
9233,396.3448181152344
9234,426.6396484375
9235,379.59503173828125
9236,384.1951599121094
9237,423.432373046875
9238,434.8882141113281
9239,406.7870788574219
9240,374.4243469238281
9241,417.5145263671875
9242,383.96270751953125
9243,418.9360046386719
9244,395.5821533203125
9245,408.96923828125
9246,417.9513854980469
9247,404.8135681152344
9248,370.9625244140625
9249,407.47705078125
9250,419.58697509765625
9251,392.4233703613281
9252,394.01800537109375
9253,417.7989196777344
9254,402.4088134765625
9255,352.022216796875
9256,439.4039611816406
9257,425.5854187011719
9258,397.7740173339844
9259,408.5326843261719
9260,380.257568359375
9261,402.1499938964844
9262,371.1976623535156
9263,411.78375244140625
9264,409.9777526855469
9265,425.3083801269531
9266,417.7098693847656
9267,394.33111572265625
9268,404.34637451171875
9269,436.50213623046875
9270,422.42364501953125
9271,368.80084228515625
9272,410.45758056640625
9273,365.08819580078125
9274,416.4930725097656
9275,421.0899658203125
9276,394.643798828125
9277,407.9519958496094
9278,409.07318115234375
9279,410.6949462890625
9280,381.2373352050781
9281,407.1437072753906
9282,380.3033142089844
9283,379.3483581542969
9284,413.50714111328125
9285,392.3797302246094
9286,402.7875061035156
9287,435.0054016113281
9288,413.017333984375
9289,412.2697448730469
9290,390.8440856933594
9291,411.4931335449219
9292,383.4791564941406
9293,403.3729248046875
9294,405.99346923828125
9295,395.7574768066406
9296,411.5031433105469
9297,336.44927978515625
9298,414.9022521972656
9299,396.8987121582031
9300,392.2305908203125
9301,374.0421142578125
9302,400.9484558105469
9303,413.64874267578125
9304,361.0370178222656
9305,416.9976501464844
9306,400.1231689453125
9307,420.61322021484375
9308,413.67706298828125
9309,118.57228088378906
9310,409.9729919433594
9311,389.9562072753906
9312,384.46044921875
9313,410.8837585449219
9314,404.0716857910156
9315,410.1795654296875
9316,370.81591796875
9317,388.6943054199219
9318,428.84954833984375
9319,404.9007568359375
9320,399.12701416015625
9321,400.1357421875
9322,390.5317077636719
9323,410.2488098144531
9324,416.6414489746094
9325,406.7159423828125
9326,401.3047180175781
9327,417.2583312988281
9328,364.23052978515625
9329,394.7733459472656
9330,381.3902893066406
9331,362.01507568359375
9332,376.2459411621094
9333,370.5322265625
9334,393.68896484375
9335,418.9903564453125
9336,371.0537414550781
9337,378.3442687988281
9338,407.8248596191406
9339,396.0045471191406
9340,359.92852783203125
9341,411.0330810546875
9342,405.4736328125
9343,409.08966064453125
9344,384.9951171875
9345,400.12939453125
9346,396.2751770019531
9347,408.6700744628906
9348,393.23974609375
9349,402.1794128417969
9350,346.8143310546875
9351,435.6988525390625
9352,397.2572937011719
9353,406.67352294921875
9354,403.1576232910156
9355,380.872314453125
9356,385.01202392578125
9357,392.58734130859375
9358,347.1844787597656
9359,416.9129638671875
9360,409.1722106933594
9361,403.6679992675781
9362,415.9010009765625
9363,415.87615966796875
9364,407.9441833496094
9365,405.0632019042969
9366,383.8322448730469
9367,397.71319580078125
9368,379.4525146484375
9369,387.2583312988281
9370,133.67108154296875
9371,407.7200012207031
9372,422.2843933105469
9373,407.11871337890625
9374,370.00518798828125
9375,410.0151672363281
9376,393.8936462402344
9377,395.7931823730469
9378,425.90606689453125
9379,407.0591125488281
9380,413.5286560058594
9381,373.71221923828125
9382,395.6991271972656
9383,409.90966796875
9384,351.9524841308594
9385,391.74261474609375
9386,408.0340270996094
9387,392.9019775390625
9388,419.6261901855469
9389,389.53106689453125
9390,412.4973449707031
9391,400.5486145019531
9392,398.5341796875
9393,175.3955841064453
9394,411.6020202636719
9395,432.81597900390625
9396,360.3166809082031
9397,406.34039306640625
9398,423.49267578125
9399,423.501953125
9400,446.0589294433594
9401,396.2870178222656
9402,410.49395751953125
9403,406.0730895996094
9404,407.4848327636719
9405,422.3109436035156
9406,444.2731018066406
9407,407.5888977050781
9408,430.83380126953125
9409,394.7734680175781
9410,410.30120849609375
9411,425.861328125
9412,422.26837158203125
9413,405.60467529296875
9414,400.358642578125
9415,404.7317810058594
9416,411.1109619140625
9417,411.388671875
9418,434.4488220214844
9419,421.9696960449219
9420,419.4099426269531
9421,424.85821533203125
9422,422.5730895996094
9423,414.2340087890625
9424,410.32470703125
9425,387.2441711425781
9426,432.77093505859375
9427,411.76129150390625
9428,389.065185546875
9429,405.9285583496094
9430,409.1646423339844
9431,383.35028076171875
9432,417.29962158203125
9433,417.6728210449219
9434,436.55712890625
9435,421.61956787109375
9436,407.9418029785156
9437,417.063232421875
9438,415.92181396484375
9439,429.1253662109375
9440,410.6865539550781
9441,430.8955078125
9442,419.70355224609375
9443,426.7279968261719
9444,411.8168640136719
9445,374.06689453125
9446,386.5826110839844
9447,358.84747314453125
9448,417.9825744628906
9449,392.0386657714844
9450,413.8101806640625
9451,386.1515197753906
9452,398.490478515625
9453,398.8731384277344
9454,375.8572998046875
9455,415.6257629394531
9456,413.13018798828125
9457,411.3843078613281
9458,430.0635986328125
9459,391.28961181640625
9460,404.2956237792969
9461,428.88909912109375
9462,389.94476318359375
9463,421.3356018066406
9464,353.35601806640625
9465,410.89996337890625
9466,423.7998962402344
9467,351.13873291015625
9468,401.26861572265625
9469,418.5196838378906
9470,394.4874267578125
9471,404.6040344238281
9472,435.4332275390625
9473,418.88861083984375
9474,402.6666259765625
9475,416.6431884765625
9476,420.0682067871094
9477,417.5636291503906
9478,406.02215576171875
9479,439.8568420410156
9480,403.79364013671875
9481,394.6778259277344
9482,336.5390319824219
9483,413.3602294921875
9484,410.6846923828125
9485,415.7742614746094
9486,413.9304504394531
9487,388.4786071777344
9488,403.35302734375
9489,428.7335510253906
9490,402.4669189453125
9491,422.56402587890625
9492,395.63079833984375
9493,424.3542175292969
9494,396.875244140625
9495,388.5744323730469
9496,399.51519775390625
9497,393.93206787109375
9498,397.5916442871094
9499,362.39984130859375
9500,403.51800537109375
9501,385.89666748046875
9502,412.6958923339844
9503,410.2865905761719
9504,397.334228515625
9505,405.613525390625
9506,409.8500671386719
9507,398.56256103515625
9508,403.5680847167969
9509,410.3775329589844
9510,401.7032775878906
9511,410.8049621582031
9512,395.6069641113281
9513,392.8545227050781
9514,397.4085693359375
9515,401.6157531738281
9516,406.873779296875
9517,390.5730895996094
9518,381.703857421875
9519,420.0387268066406
9520,390.40802001953125
9521,403.29620361328125
9522,405.02984619140625
9523,420.35015869140625
9524,379.5667419433594
9525,417.0575866699219
9526,339.98162841796875
9527,400.77593994140625
9528,382.70001220703125
9529,407.61041259765625
9530,417.19329833984375
9531,380.08026123046875
9532,377.1513671875
9533,401.13519287109375
9534,398.7774963378906
9535,409.2044982910156
9536,412.6640930175781
9537,418.3670959472656
9538,398.9070739746094
9539,409.61181640625
9540,408.5465393066406
9541,434.60418701171875
9542,412.8222351074219
9543,404.0945129394531
9544,401.7956237792969
9545,427.7999572753906
9546,405.3736572265625
9547,426.626708984375
9548,430.7109069824219
9549,398.2528991699219
9550,420.89984130859375
9551,405.689697265625
9552,390.1191711425781
9553,372.6777648925781
9554,404.3484191894531
9555,416.76678466796875
9556,392.92041015625
9557,400.6859130859375
9558,387.00811767578125
9559,184.0373077392578
9560,368.2271728515625
9561,407.0703430175781
9562,376.17523193359375
9563,415.4184265136719
9564,405.48895263671875
9565,412.08392333984375
9566,407.9676513671875
9567,412.2901306152344
9568,396.644775390625
9569,394.58819580078125
9570,418.4812316894531
9571,406.9285888671875
9572,394.0179748535156
9573,406.65655517578125
9574,341.12353515625
9575,422.34283447265625
9576,374.88665771484375
9577,403.167236328125
9578,407.13055419921875
9579,417.84576416015625
9580,393.2796936035156
9581,402.3182678222656
9582,404.1102600097656
9583,412.8631896972656
9584,411.0257263183594
9585,399.01312255859375
9586,344.7884521484375
9587,365.03033447265625
9588,404.4842529296875
9589,403.3122253417969
9590,427.5555725097656
9591,406.7347717285156
9592,420.3345947265625
9593,419.38519287109375
9594,404.1584777832031
9595,380.6560363769531
9596,417.526123046875
9597,412.6733703613281
9598,389.6647033691406
9599,389.8748474121094
9600,415.00543212890625
9601,383.3232116699219
9602,394.0513000488281
9603,376.9455261230469
9604,393.75152587890625
9605,398.2495422363281
9606,364.8117370605469
9607,416.8548889160156
9608,393.7777099609375
9609,395.78424072265625
9610,416.0229187011719
9611,349.2331237792969
9612,408.651611328125
9613,420.73638916015625
9614,379.10272216796875
9615,355.3080139160156
9616,375.8143310546875
9617,404.5595397949219
9618,414.9057922363281
9619,408.0400695800781
9620,400.0853576660156
9621,415.0323791503906
9622,412.582275390625
9623,396.7186279296875
9624,373.8262939453125
9625,386.24664306640625
9626,418.0570373535156
9627,416.3700866699219
9628,397.473876953125
9629,329.33544921875
9630,415.00494384765625
9631,363.1581115722656
9632,422.0987548828125
9633,320.37738037109375
9634,392.001953125
9635,404.1611633300781
9636,422.844482421875
9637,416.65362548828125
9638,409.7938232421875
9639,371.1229248046875
9640,417.1486511230469
9641,400.02239990234375
9642,364.5327453613281
9643,413.3821716308594
9644,350.5593566894531
9645,395.2188720703125
9646,369.66729736328125
9647,409.7298889160156
9648,387.2401428222656
9649,397.0633544921875
9650,393.09454345703125
9651,398.0768127441406
9652,398.94317626953125
9653,393.3028564453125
9654,406.4141845703125
9655,385.5071105957031
9656,356.4018249511719
9657,403.49359130859375
9658,397.3240051269531
9659,386.97027587890625
9660,407.4579772949219
9661,376.6948547363281
9662,387.6064758300781
9663,394.525634765625
9664,382.119140625
9665,397.4571533203125
9666,379.2831115722656
9667,394.2619323730469
9668,344.9659729003906
9669,407.860595703125
9670,321.77117919921875
9671,400.48846435546875
9672,419.4872741699219
9673,392.1614685058594
9674,423.54779052734375
9675,406.66619873046875
9676,396.2535400390625
9677,396.50909423828125
9678,351.2781982421875
9679,411.90380859375
9680,417.1873779296875
9681,397.40240478515625
9682,419.7425842285156
9683,420.28717041015625
9684,342.85845947265625
9685,371.93133544921875
9686,394.5307312011719
9687,431.0499572753906
9688,378.2570495605469
9689,408.96051025390625
9690,425.4144592285156
9691,405.6763610839844
9692,410.6260986328125
9693,426.3885192871094
9694,399.4659118652344
9695,375.5789489746094
9696,425.08306884765625
9697,418.3553466796875
9698,403.0750427246094
9699,384.7623596191406
9700,406.9770812988281
9701,419.12652587890625
9702,407.0160217285156
9703,378.7232360839844
9704,399.19964599609375
9705,373.789306640625
9706,404.609619140625
9707,393.08953857421875
9708,429.9452819824219
9709,412.4808349609375
9710,444.81134033203125
9711,410.6474304199219
9712,390.30560302734375
9713,363.30841064453125
9714,402.47283935546875
9715,411.25048828125
9716,331.5469970703125
9717,421.8444519042969
9718,388.2566223144531
9719,365.64910888671875
9720,420.9412841796875
9721,421.2724304199219
9722,374.1390686035156
9723,385.5415344238281
9724,359.6666564941406
9725,404.61199951171875
9726,367.799560546875
9727,423.9699401855469
9728,373.9173889160156
9729,422.91424560546875
9730,405.5146179199219
9731,403.98016357421875
9732,409.2178649902344
9733,387.9566955566406
9734,403.3743591308594
9735,430.7533264160156
9736,395.39453125
9737,383.01300048828125
9738,401.3236999511719
9739,358.0897216796875
9740,415.7077941894531
9741,407.80059814453125
9742,425.6915283203125
9743,364.7930908203125
9744,389.7063293457031
9745,396.4375305175781
9746,419.1513977050781
9747,398.0516357421875
9748,369.5086975097656
9749,428.20379638671875
9750,428.2208251953125
9751,405.8978271484375
9752,401.1402282714844
9753,408.0828857421875
9754,435.345703125
9755,432.1799621582031
9756,392.0879821777344
9757,434.5559387207031
9758,399.7248229980469
9759,408.5874938964844
9760,415.5335693359375
9761,419.1964111328125
9762,405.4728698730469
9763,420.7918701171875
9764,390.5510559082031
9765,421.078125
9766,409.04193115234375
9767,388.9584655761719
9768,394.3966979980469
9769,407.49224853515625
9770,383.2377014160156
9771,386.1127014160156
9772,418.805908203125
9773,390.665771484375
9774,388.2544860839844
9775,374.7803955078125
9776,404.4053039550781
9777,353.8876647949219
9778,433.2262268066406
9779,434.276123046875
9780,382.8916931152344
9781,401.4927062988281
9782,377.21539306640625
9783,415.01904296875
9784,416.2195739746094
9785,353.3080749511719
9786,397.5859375
9787,407.8141174316406
9788,374.8663330078125
9789,420.4845886230469
9790,440.15301513671875
9791,431.86968994140625
9792,239.57095336914062
9793,400.1777648925781
9794,434.0207824707031
9795,407.6526184082031
9796,428.0390625
9797,383.7247619628906
9798,373.98590087890625
9799,371.2943115234375
9800,365.6915283203125
9801,415.0142517089844
9802,392.9809265136719
9803,440.4015197753906
9804,422.2811279296875
9805,431.28594970703125
9806,424.15692138671875
9807,425.48870849609375
9808,415.40606689453125
9809,401.8755798339844
9810,418.5386047363281
9811,376.3592224121094
9812,364.9558410644531
9813,431.5487976074219
9814,382.8432312011719
9815,402.0252380371094
9816,422.40020751953125
9817,415.8011474609375
9818,410.7449645996094
9819,409.50494384765625
9820,410.5758361816406
9821,434.5284729003906
9822,429.59136962890625
9823,434.4483337402344
9824,400.3312072753906
9825,426.310546875
9826,426.6158752441406
9827,410.3083190917969
9828,388.93389892578125
9829,424.9914855957031
9830,415.67071533203125
9831,408.1708068847656
9832,389.9982604980469
9833,411.6439514160156
9834,394.14080810546875
9835,430.7391052246094
9836,382.7386474609375
9837,427.7130432128906
9838,392.9962463378906
9839,443.871826171875
9840,444.4921875
9841,410.40802001953125
9842,381.3504333496094
9843,409.58099365234375
9844,409.8809509277344
9845,396.83709716796875
9846,413.6993103027344
9847,386.3001708984375
9848,377.9771423339844
9849,423.9616394042969
9850,414.330078125
9851,405.18096923828125
9852,408.35430908203125
9853,418.87762451171875
9854,416.83392333984375
9855,414.945068359375
9856,411.26947021484375
9857,398.4341735839844
9858,401.08203125
9859,400.7084045410156
9860,406.26361083984375
9861,387.985595703125
9862,365.13507080078125
9863,395.5983581542969
9864,198.65338134765625
9865,389.6682434082031
9866,410.9659729003906
9867,384.6336669921875
9868,400.607666015625
9869,419.34820556640625
9870,422.72576904296875
9871,425.3538818359375
9872,406.1947937011719
9873,380.1628723144531
9874,395.65533447265625
9875,371.3321228027344
9876,411.7133483886719
9877,391.9129638671875
9878,379.74493408203125
9879,414.91815185546875
9880,403.4456787109375
9881,427.48565673828125
9882,390.61328125
9883,425.7787780761719
9884,387.068115234375
9885,437.72552490234375
9886,404.3974304199219
9887,411.8484191894531
9888,414.4493103027344
9889,404.81597900390625
9890,395.7556457519531
9891,371.8515930175781
9892,396.0732421875
9893,376.7588195800781
9894,386.2723693847656
9895,415.38775634765625
9896,401.7247009277344
9897,411.48260498046875
9898,391.1803894042969
9899,394.3984375
9900,374.2212219238281
9901,358.033203125
9902,391.5896301269531
9903,417.4144287109375
9904,405.1131286621094
9905,405.0861511230469
9906,371.73541259765625
9907,414.3282775878906
9908,395.851806640625
9909,373.74530029296875
9910,410.19989013671875
9911,401.7488708496094
9912,411.5254821777344
9913,381.7925720214844
9914,408.2490234375
9915,388.9822998046875
9916,377.38531494140625
9917,422.81805419921875
9918,421.9706726074219
9919,403.25152587890625
9920,390.21783447265625
9921,401.6559143066406
9922,418.2459716796875
9923,413.4636535644531
9924,417.501708984375
9925,398.40594482421875
9926,403.27471923828125
9927,363.40850830078125
9928,393.7947998046875
9929,400.0638122558594
9930,411.91534423828125
9931,368.87640380859375
9932,403.0578918457031
9933,423.326904296875
9934,394.5283203125
9935,415.9253234863281
9936,400.61834716796875
9937,402.3597717285156
9938,360.77032470703125
9939,401.83465576171875
9940,399.2664489746094
9941,414.1528625488281
9942,377.0025634765625
9943,418.7340087890625
9944,378.8072509765625
9945,400.2012939453125
9946,404.335205078125
9947,376.9765930175781
9948,397.475830078125
9949,401.1361999511719
9950,389.80621337890625
9951,401.718017578125
9952,378.42633056640625
9953,364.98236083984375
9954,376.739501953125
9955,374.9898681640625
9956,412.8078308105469
9957,398.76190185546875
9958,385.9753112792969
9959,375.0290832519531
9960,412.1730651855469
9961,391.1908874511719
9962,392.0180358886719
9963,403.5534973144531
9964,383.7584533691406
9965,364.9682312011719
9966,419.0111999511719
9967,406.058837890625
9968,338.9085998535156
9969,414.1109924316406
9970,399.46343994140625
9971,402.1902770996094
9972,381.1592102050781
9973,425.41009521484375
9974,402.89471435546875
9975,388.99468994140625
9976,393.0301818847656
9977,375.3614501953125
9978,396.2845458984375
9979,368.1077575683594
9980,402.8282470703125
9981,387.1322937011719
9982,402.5701904296875
9983,391.13568115234375
9984,405.14788818359375
9985,376.0672912597656
9986,400.87109375
9987,414.02374267578125
9988,377.3338317871094
9989,408.240234375
9990,381.9284973144531
9991,388.857421875
9992,403.6495666503906
9993,371.6299743652344
9994,412.9134521484375
9995,404.7572326660156
9996,391.921142578125
9997,398.27691650390625
9998,383.7192687988281
9999,191.84666442871094
10000,389.0625915527344
